2017/10/7 下午10:16:53    创建文件
22:16:53  <00-88>  A0 31 32 33 34 35 36 37   363
22:16:53  <00-88>  A0 31 32 33 34 35 36 37   364
22:16:53  <00-88>  A0 31 32 33 34 35 36 37   365
22:16:53  <00-88>  A0 31 32 33 34 35 36 37   366
22:16:53  <00-88>  A0 31 32 33 34 35 36 37   367
22:16:53  <00-88>  A0 31 32 33 34 35 36 37   368
22:16:53  <00-88>  A0 31 32 33 34 35 36 37   369
22:16:53  <00-88>  A0 31 32 33 34 35 36 37   370
22:16:53  <00-88>  A0 31 32 33 34 35 36 37   371
22:16:53  <00-88>  A0 31 32 33 34 35 36 37   372
22:16:53  <00-88>  A0 31 32 33 34 35 36 37   373
22:16:53  <00-88>  A0 31 32 33 34 35 36 37   374
22:16:53  <00-88>  A0 31 32 33 34 35 36 37   375
22:16:53  <00-88>  A0 31 32 33 34 35 36 37   376
22:16:53  <00-88>  A0 31 32 33 34 35 36 37   377
22:16:53  <00-88>  A0 31 32 33 34 35 36 37   378
22:16:53  <00-88>  A0 31 32 33 34 35 36 37   379
22:16:53  <00-88>  A0 31 32 33 34 35 36 37   380
22:16:53  <00-88>  A0 31 32 33 34 35 36 37   381
22:16:53  <00-88>  A0 31 32 33 34 35 36 37   382
22:46:45  <00-88>  A0 00                     383
22:46:55  <00-88>  A0 31 36 30 34 31 38 34   384
22:46:55  <00-88>  A0 31 31 33 36 33 35 32   385
22:46:55  <00-88>  A0 30 36 37 34 39 36 35   386
22:46:55  <00-88>  A0 39 35 34 38 30 38 34   387
22:46:55  <00-88>  A0 34 34 36 35 34 33 33   388
22:46:55  <00-88>  A0 31 34 30 34 38 35 39   389
22:46:55  <00-88>  A0 31 34 36 39 35 36 30   390
22:46:55  <00-88>  A0 35 33 34 31 35 37 38   391
22:46:55  <00-88>  A0 39 37 34 39 32 35 36   392
22:46:55  <00-88>  A0 31 37 39 36 38 38 34   393
22:46:55  <00-88>  A0 38 34 32 33 31 38 31   394
22:46:55  <00-88>  A0 33 34 36 38 38 31 30   395
22:46:55  <00-88>  A0 33 34 34 36 35 36 35   396
22:46:55  <00-88>  A0 39 32 33 33 36 31 32   397
22:46:55  <00-88>  A0 37 30 39 35 34 30 32   398
22:46:55  <00-88>  A0 30 36 36 35 36 31 31   399
22:46:55  <00-88>  A0 31 31 33 32 39 36 35   400
22:46:55  <00-88>  A0 33 35 38 39 32 31 37   401
22:46:55  <00-88>  A0 30 35 37 36 30 33 31   402
22:46:55  <00-88>  A0 39 30 33 33 36 32 34   403
22:46:55  <00-88>  A0 34 38 38               404
22:47:10  <00-88>  A0 31 36 30 34 31 38 34   405
22:47:10  <00-88>  A0 31 31 33 36 33 35 32   406
22:47:10  <00-88>  A0 30 36 37 34 39 36 35   407
22:47:10  <00-88>  A0 39 35 34 38 30 38 34   408
22:47:10  <00-88>  A0 34 34 36 35 34 33 33   409
22:47:10  <00-88>  A0 31 34 30 34 38 35 39   410
22:47:10  <00-88>  A0 31 34 36 39 35 36 30   411
22:47:10  <00-88>  A0 35 33 34 31 35 37 38   412
22:47:10  <00-88>  A0 39 37 34 39 32 35 36   413
22:47:10  <00-88>  A0 31 37 39 36 38 38 34   414
22:47:10  <00-88>  A0 38 34 32 33 31 38 31   415
22:47:10  <00-88>  A0 33 34 36 38 38 31 30   416
22:47:10  <00-88>  A0 33 34 34 36 35 36 35   417
22:47:10  <00-88>  A0 39 32 33 33 36 31 32   418
22:47:10  <00-88>  A0 37 30 39 35 34 30 32   419
22:47:10  <00-88>  A0 30 36 36 35 36 31 31   420
22:47:10  <00-88>  A0 31 31 33 32 39 36 35   421
22:47:10  <00-88>  A0 33 35 38 39 32 31 37   422
22:47:10  <00-88>  A0 30 35 37 35 36 30 33   423
22:47:10  <00-88>  A0 31 39 30 33 33 36 32   424
22:47:10  <00-88>  A0 34 34 38 38            425
22:47:16  <00-88>  A0 00                     426
22:47:26  <00-88>  A0 31 36 30 34 31 38 34   427
22:47:26  <00-88>  A0 31 31 33 36 33 35 32   428
22:47:26  <00-88>  A0 30 36 37 34 39 36 35   429
22:47:26  <00-88>  A0 39 35 34 38 30 38 34   430
22:47:26  <00-88>  A0 34 34 36 35 34 33 33   431
22:47:26  <00-88>  A0 31 34 30 34 38 35 39   432
22:47:26  <00-88>  A0 31 34 36 39 35 36 30   433
22:47:26  <00-88>  A0 35 33 34 31 35 37 38   434
22:47:26  <00-88>  A0 39 37 34 39 32 35 36   435
22:47:26  <00-88>  A0 31 37 39 36 38 38 34   436
22:47:26  <00-88>  A0 38 34 32 33 31 38 31   437
22:47:26  <00-88>  A0 33 34 36 38 38 31 30   438
22:47:26  <00-88>  A0 33 34 34 36 35 36 35   439
22:47:26  <00-88>  A0 39 32 33 33 36 31 32   440
22:47:26  <00-88>  A0 37 30 39 35 34 30 32   441
22:47:26  <00-88>  A0 30 36 36 35 36 31 31   442
22:47:26  <00-88>  A0 31 31 33 32 39 36 35   443
22:47:26  <00-88>  A0 33 35 38 39 32 31 37   444
22:47:26  <00-88>  A0 30 35 37 35 36 30 33   445
22:47:26  <00-88>  A0 31 39 30 33 33 36 32   446
22:47:26  <00-88>  A0 34 34 38 38            447
22:47:32  <00-88>  A0 00                     448
22:47:40  <00-88>  A0 31 36 30 34 31 38 34   449
22:47:40  <00-88>  A0 31 31 33 36 33 35 32   450
22:47:40  <00-88>  A0 30 36 37 34 39 36 35   451
22:47:40  <00-88>  A0 39 35 34 38 30 38 34   452
22:47:40  <00-88>  A0 34 34 36 35 34 33 33   453
22:47:40  <00-88>  A0 31 34 30 34 38 35 39   454
22:47:40  <00-88>  A0 31 34 36 39 35 36 30   455
22:47:40  <00-88>  A0 35 33 34 31 35 37 38   456
22:47:40  <00-88>  A0 39 37 34 39 32 35 36   457
22:47:40  <00-88>  A0 31 37 39 36 38 38 34   458
22:47:40  <00-88>  A0 38 34 32 33 31 38 31   459
22:47:40  <00-88>  A0 33 34 36 38 38 31 30   460
22:47:40  <00-88>  A0 33 34 34 36 35 36 35   461
22:47:40  <00-88>  A0 39 32 33 33 36 31 32   462
22:47:40  <00-88>  A0 37 30 39 35 34 30 32   463
22:47:40  <00-88>  A0 30 36 36 35 36 31 31   464
22:47:40  <00-88>  A0 31 31 33 32 39 36 35   465
22:47:40  <00-88>  A0 33 35 38 39 32 31 37   466
22:47:40  <00-88>  A0 30 35 37 35 36 30 33   467
22:47:40  <00-88>  A0 31 39 30 33 33 36 32   468
22:47:40  <00-88>  A0 34 34 38 38            469
22:49:24  <00-88>  16 80                     470
22:49:28  <00-88>  15 80                     471
22:49:31  <00-88>  16 80                     472
22:49:44  <00-88>  0D 80                     473
22:49:44  <00-88>  0D 80                     474
22:49:49  <00-88>  0C 00                     475
22:49:50  <00-88>  0C 00                     476
22:49:50  <00-88>  0C 00                     477
22:49:52  <00-88>  0E 80                     478
22:50:20  <00-88>  09 00                     1
22:50:32  <00-88>  09 00                     2
22:50:42  <00-88>  A0 31 36 30 34 31 38 34   3
22:50:42  <00-88>  A0 31 31 33 36 33 35 32   4
22:50:42  <00-88>  A0 30 36 37 34 39 36 35   5
22:50:42  <00-88>  A0 39 35 34 38 30 38 34   6
22:50:42  <00-88>  A0 34 34 36 35 34 33 33   7
22:50:42  <00-88>  A0 31 34 30 34 38 35 39   8
22:50:42  <00-88>  A0 31 34 36 39 35 36 30   9
22:50:42  <00-88>  A0 35 33 34 31 35 37 38   10
22:50:42  <00-88>  A0 39 37 34 39 32 35 36   11
22:50:42  <00-88>  A0 31 37 39 36 38 38 34   12
22:50:42  <00-88>  A0 38 34 32 33 31 38 31   13
22:50:42  <00-88>  A0 33 34 36 38 38 31 30   14
22:50:42  <00-88>  A0 33 34 34 36 35 36 35   15
22:50:42  <00-88>  A0 39 32 33 33 36 31 32   16
22:50:42  <00-88>  A0 37 30 39 35 34 30 32   17
22:50:42  <00-88>  A0 30 36 36 35 36 31 31   18
22:50:42  <00-88>  A0 31 31 33 32 39 36 35   19
22:50:42  <00-88>  A0 33 35 38 39 32 31 37   20
22:50:42  <00-88>  A0 30 35 37 35 36 30 33   21
22:50:42  <00-88>  A0 31 39 30 33 33 36 32   22
22:50:42  <00-88>  A0 34 34 38 38            23
22:50:46  <00-88>  A0 31 36 30 34 31 38 34   24
22:50:46  <00-88>  A0 31 31 33 36 33 35 32   25
22:50:46  <00-88>  A0 30 36 37 34 39 36 35   26
22:50:46  <00-88>  A0 39 35 34 38 30 38 34   27
22:50:46  <00-88>  A0 34 34 36 35 34 33 33   28
22:50:46  <00-88>  A0 31 34 30 34 38 35 39   29
22:50:46  <00-88>  A0 31 34 36 39 35 36 30   30
22:50:46  <00-88>  A0 35 33 34 31 35 37 38   31
22:50:46  <00-88>  A0 39 37 34 39 32 35 36   32
22:50:46  <00-88>  A0 31 37 39 36 38 38 34   33
22:50:46  <00-88>  A0 38 34 32 33 31 38 31   34
22:50:46  <00-88>  A0 33 34 36 38 38 31 30   35
22:50:46  <00-88>  A0 33 34 34 36 35 36 35   36
22:50:46  <00-88>  A0 39 32 33 33 36 31 32   37
22:50:46  <00-88>  A0 37 30 39 35 34 30 32   38
22:50:46  <00-88>  A0 30 36 36 35 36 31 31   39
22:50:46  <00-88>  A0 31 31 33 32 39 36 35   40
22:50:46  <00-88>  A0 33 35 38 39 32 31 37   41
22:50:46  <00-88>  A0 30 35 37 35 36 30 33   42
22:50:46  <00-88>  A0 31 39 30 33 33 36 32   43
22:50:46  <00-88>  A0 34 34 38 38            44
22:50:48  <00-88>  A0 31 36 30 34 31 38 34   45
22:50:48  <00-88>  A0 31 31 33 36 33 35 32   46
22:50:48  <00-88>  A0 30 36 37 34 39 36 35   47
22:50:48  <00-88>  A0 39 35 34 38 30 38 34   48
22:50:48  <00-88>  A0 34 34 36 35 34 33 33   49
22:50:48  <00-88>  A0 31 34 30 34 38 35 39   50
22:50:48  <00-88>  A0 31 34 36 39 35 36 30   51
22:50:48  <00-88>  A0 35 33 34 31 35 37 38   52
22:50:48  <00-88>  A0 39 37 34 39 32 35 36   53
22:50:48  <00-88>  A0 31 37 39 36 38 38 34   54
22:50:48  <00-88>  A0 38 34 32 33 31 38 31   55
22:50:48  <00-88>  A0 33 34 36 38 38 31 30   56
22:50:48  <00-88>  A0 33 34 34 36 35 36 35   57
22:50:48  <00-88>  A0 39 32 33 33 36 31 32   58
22:50:48  <00-88>  A0 37 30 39 35 34 30 32   59
22:50:48  <00-88>  A0 30 36 36 35 36 31 31   60
22:50:48  <00-88>  A0 31 31 33 32 39 36 35   61
22:50:48  <00-88>  A0 33 35 38 39 32 31 37   62
22:50:48  <00-88>  A0 30 35 37 35 36 30 33   63
22:50:48  <00-88>  A0 31 39 30 33 33 36 32   64
22:50:48  <00-88>  A0 34 34 38 38            65
22:53:50  <00-88>  A0 31 36 30 34 31 38 34   66
22:53:50  <00-88>  A0 31 31 33 36 33 35 32   67
22:53:50  <00-88>  A0 30 36 37 34 39 36 35   68
22:53:50  <00-88>  A0 39 35 34 38 30 38 34   69
22:53:50  <00-88>  A0 34 34 36 35 34 33 33   70
22:53:50  <00-88>  A0 31 34 30 34 38 35 39   71
22:53:50  <00-88>  A0 31 34 36 39 35 36 30   72
22:53:50  <00-88>  A0 35 33 34 31 35 37 38   73
22:53:50  <00-88>  A0 39 37 34 39 32 35 36   74
22:53:50  <00-88>  A0 31 37 39 36 38 38 34   75
22:53:50  <00-88>  A0 38 34 32 33 31 38 31   76
22:53:50  <00-88>  A0 33 34 36 38 38 31 30   77
22:53:50  <00-88>  A0 33 34 34 36 35 36 35   78
22:53:50  <00-88>  A0 39 32 33 33 36 31 32   79
22:53:50  <00-88>  A0 37 30 39 35 34 30 32   80
22:53:50  <00-88>  A0 30 36 36 35 36 31 31   81
22:53:50  <00-88>  A0 31 31 33 32 39 36 35   82
22:53:50  <00-88>  A0 33 35 38 39 32 31 37   83
22:53:50  <00-88>  A0 30 35 37 35 36 30 33   84
22:53:50  <00-88>  A0 31 39 30 33 33 36 32   85
22:53:50  <00-88>  A0 34 34 38 38            86
22:53:52  <00-88>  A0 31 36 30 34 31 38 34   87
22:53:52  <00-88>  A0 31 31 33 36 33 35 32   88
22:53:52  <00-88>  A0 30 36 37 34 39 36 35   89
22:53:52  <00-88>  A0 39 35 34 38 30 38 34   90
22:53:52  <00-88>  A0 34 34 36 35 34 33 33   91
22:53:52  <00-88>  A0 31 34 30 34 38 35 39   92
22:53:52  <00-88>  A0 31 34 36 39 35 36 30   93
22:53:52  <00-88>  A0 35 33 34 31 35 37 38   94
22:53:52  <00-88>  A0 39 37 34 39 32 35 36   95
22:53:52  <00-88>  A0 31 37 39 36 38 38 34   96
22:53:52  <00-88>  A0 38 34 32 33 31 38 31   97
22:53:52  <00-88>  A0 33 34 36 38 38 31 30   98
22:53:52  <00-88>  A0 33 34 34 36 35 36 35   99
22:53:52  <00-88>  A0 39 32 33 33 36 31 32   100
22:53:52  <00-88>  A0 37 30 39 35 34 30 32   101
22:53:52  <00-88>  A0 30 36 36 35 36 31 31   102
22:53:52  <00-88>  A0 31 31 33 32 39 36 35   103
22:53:52  <00-88>  A0 33 35 38 39 32 31 37   104
22:53:52  <00-88>  A0 30 35 37 35 36 30 33   105
22:53:52  <00-88>  A0 31 39 30 33 33 36 32   106
22:53:52  <00-88>  A0 34 34 38 38            107
22:53:53  <00-88>  A0 31 36 30 34 31 38 34   108
22:53:53  <00-88>  A0 31 31 33 36 33 35 32   109
22:53:53  <00-88>  A0 30 36 37 34 39 36 35   110
22:53:53  <00-88>  A0 39 35 34 38 30 38 34   111
22:53:53  <00-88>  A0 34 34 36 35 34 33 33   112
22:53:53  <00-88>  A0 31 34 30 34 38 35 39   113
22:53:53  <00-88>  A0 31 34 36 39 35 36 30   114
22:53:53  <00-88>  A0 35 33 34 31 35 37 38   115
22:53:53  <00-88>  A0 39 37 34 39 32 35 36   116
22:53:53  <00-88>  A0 31 37 39 36 38 38 34   117
22:53:53  <00-88>  A0 38 34 32 33 31 38 31   118
22:53:53  <00-88>  A0 33 34 36 38 38 31 30   119
22:53:53  <00-88>  A0 33 34 34 36 35 36 35   120
22:53:53  <00-88>  A0 39 32 33 33 36 31 32   121
22:53:53  <00-88>  A0 37 30 39 35 34 30 32   122
22:53:53  <00-88>  A0 30 36 36 35 36 31 31   123
22:53:53  <00-88>  A0 31 31 33 32 39 36 35   124
22:53:53  <00-88>  A0 33 35 38 39 32 31 37   125
22:53:53  <00-88>  A0 30 35 37 35 36 30 33   126
22:53:53  <00-88>  A0 31 39 30 33 33 36 32   127
22:53:53  <00-88>  A0 34 34 38 38            128
22:53:53  <00-88>  A0 31 36 30 34 31 38 34   129
22:53:53  <00-88>  A0 31 31 33 36 33 35 32   130
22:53:53  <00-88>  A0 36 37 34 39 36 35 39   131
22:53:53  <00-88>  A0 35 34 38 30 38 34 34   132
22:53:53  <00-88>  A0 34 36 35 34 33 33 31   133
22:53:53  <00-88>  A0 34 30 34 38 35 39 31   134
22:53:53  <00-88>  A0 34 36 39 35 36 30 35   135
22:53:53  <00-88>  A0 33 34 31 35 37 38 39   136
22:53:53  <00-88>  A0 37 34 39 32 35 36 31   137
22:53:53  <00-88>  A0 37 39 36 38 38 34 38   138
22:53:53  <00-88>  A0 34 32 33 31 38 31 33   139
22:53:53  <00-88>  A0 34 36 38 38 31 30 33   140
22:53:53  <00-88>  A0 34 34 36 35 36 35 39   141
22:53:53  <00-88>  A0 32 33 33 36 31 32 37   142
22:53:53  <00-88>  A0 30 39 35 34 30 32 30   143
22:53:53  <00-88>  A0 36 36 35 36 31 31 31   144
22:53:53  <00-88>  A0 31 33 32 39 36 35 33   145
22:53:53  <00-88>  A0 35 38 39 32 31 37 30   146
22:53:53  <00-88>  A0 35 37 35 36 30 33 31   147
22:53:53  <00-88>  A0 39 30 33 33 36 32 34   148
22:53:53  <00-88>  A0 34 38 38               149
22:53:54  <00-88>  A0 31 36 30 34 31 38 34   150
22:53:54  <00-88>  A0 31 31 33 36 33 35 32   151
22:53:54  <00-88>  A0 30 36 37 34 39 36 35   152
22:53:54  <00-88>  A0 39 35 34 38 30 38 34   153
22:53:54  <00-88>  A0 34 34 36 35 34 33 33   154
22:53:54  <00-88>  A0 31 34 30 34 38 35 39   155
22:53:54  <00-88>  A0 31 34 36 39 35 36 30   156
22:53:54  <00-88>  A0 35 33 34 31 35 37 38   157
22:53:54  <00-88>  A0 39 37 34 39 32 35 36   158
22:53:54  <00-88>  A0 31 37 39 36 38 38 34   159
22:53:54  <00-88>  A0 38 34 32 33 31 38 31   160
22:53:54  <00-88>  A0 33 34 36 38 38 31 30   161
22:53:54  <00-88>  A0 33 34 34 36 35 36 35   162
22:53:54  <00-88>  A0 39 32 33 33 36 31 32   163
22:53:54  <00-88>  A0 37 30 39 35 34 30 32   164
22:53:54  <00-88>  A0 30 36 36 35 36 31 31   165
22:53:54  <00-88>  A0 31 31 33 32 39 36 35   166
22:53:54  <00-88>  A0 33 35 38 39 32 31 37   167
22:53:54  <00-88>  A0 30 35 37 35 36 30 33   168
22:53:54  <00-88>  A0 31 39 30 33 33 36 32   169
22:53:54  <00-88>  A0 34 34 38 38            170
22:53:55  <00-88>  A0 31 36 30 34 31 38 34   171
22:53:55  <00-88>  A0 31 31 33 36 33 35 32   172
22:53:55  <00-88>  A0 30 36 37 34 39 36 35   173
22:53:55  <00-88>  A0 39 35 34 38 30 38 34   174
22:53:55  <00-88>  A0 34 34 36 35 34 33 33   175
22:53:55  <00-88>  A0 31 34 30 34 38 35 39   176
22:53:55  <00-88>  A0 31 34 36 39 35 36 30   177
22:53:55  <00-88>  A0 35 33 34 31 35 37 38   178
22:53:55  <00-88>  A0 39 37 34 39 32 35 36   179
22:53:55  <00-88>  A0 31 37 39 36 38 38 34   180
22:53:55  <00-88>  A0 38 34 32 33 31 38 31   181
22:53:55  <00-88>  A0 33 34 36 38 38 31 30   182
22:53:55  <00-88>  A0 33 34 34 36 35 36 35   183
22:53:55  <00-88>  A0 39 32 33 33 36 31 32   184
22:53:55  <00-88>  A0 37 30 39 35 34 30 32   185
22:53:55  <00-88>  A0 30 36 36 35 36 31 31   186
22:53:55  <00-88>  A0 31 31 33 32 39 36 35   187
22:53:55  <00-88>  A0 33 35 38 39 32 31 37   188
22:53:55  <00-88>  A0 30 35 37 35 36 30 33   189
22:53:55  <00-88>  A0 31 39 30 33 33 36 32   190
22:53:55  <00-88>  A0 34 34 38 38            191
22:53:56  <00-88>  A0 31 36 30 34 31 38 34   192
22:53:56  <00-88>  A0 31 31 33 36 33 35 32   193
22:53:56  <00-88>  A0 30 36 37 34 39 36 35   194
22:53:56  <00-88>  A0 39 35 34 38 30 38 34   195
22:53:56  <00-88>  A0 34 34 36 35 34 33 33   196
22:53:56  <00-88>  A0 31 34 30 34 38 35 39   197
22:53:56  <00-88>  A0 31 34 36 39 35 36 30   198
22:53:56  <00-88>  A0 35 33 34 31 35 37 38   199
22:53:56  <00-88>  A0 39 37 34 39 32 35 36   200
22:53:56  <00-88>  A0 31 37 39 36 38 38 34   201
22:53:56  <00-88>  A0 38 34 32 33 31 38 31   202
22:53:56  <00-88>  A0 33 34 36 38 38 31 30   203
22:53:56  <00-88>  A0 33 34 34 36 35 36 35   204
22:53:56  <00-88>  A0 39 32 33 33 36 31 32   205
22:53:56  <00-88>  A0 37 30 39 35 34 30 32   206
22:53:56  <00-88>  A0 30 36 36 35 36 31 31   207
22:53:56  <00-88>  A0 31 31 33 32 39 36 35   208
22:53:56  <00-88>  A0 33 35 38 39 32 31 37   209
22:53:56  <00-88>  A0 30 35 37 35 36 30 33   210
22:53:56  <00-88>  A0 31 39 30 33 33 36 32   211
22:53:56  <00-88>  A0 34 34 38 38            212
22:53:57  <00-88>  A0 31 36 30 34 31 38 34   213
22:53:57  <00-88>  A0 31 31 33 36 33 35 32   214
22:53:57  <00-88>  A0 30 36 37 34 39 36 35   215
22:53:57  <00-88>  A0 39 35 34 38 30 38 34   216
22:53:57  <00-88>  A0 34 34 36 35 34 33 33   217
22:53:57  <00-88>  A0 31 34 30 34 35 39 31   218
22:53:57  <00-88>  A0 34 36 39 35 36 30 35   219
22:53:57  <00-88>  A0 33 34 31 35 37 38 39   220
22:53:57  <00-88>  A0 37 34 39 32 35 36 31   221
22:53:57  <00-88>  A0 37 39 36 38 38 34 38   222
22:53:57  <00-88>  A0 34 32 33 31 38 31 33   223
22:53:57  <00-88>  A0 34 36 38 38 31 30 33   224
22:53:57  <00-88>  A0 34 34 36 35 36 35 39   225
22:53:57  <00-88>  A0 32 33 33 36 31 32 37   226
22:53:57  <00-88>  A0 30 39 35 34 30 32 30   227
22:53:57  <00-88>  A0 36 36 35 36 31 31 31   228
22:53:57  <00-88>  A0 31 33 32 39 36 35 33   229
22:53:57  <00-88>  A0 35 38 39 32 31 37 30   230
22:53:57  <00-88>  A0 35 37 35 36 30 33 31   231
22:53:57  <00-88>  A0 39 30 33 33 36 32 34   232
22:53:57  <00-88>  A0 34 38 38               233
22:53:58  <00-88>  A0 31 36 30 34 31 38 34   234
22:53:58  <00-88>  A0 31 31 33 36 33 35 32   235
22:53:58  <00-88>  A0 30 36 37 34 39 36 35   236
22:53:58  <00-88>  A0 39 35 34 38 30 38 34   237
22:53:58  <00-88>  A0 34 34 36 35 34 33 33   238
22:53:58  <00-88>  A0 31 34 30 34 38 35 39   239
22:53:58  <00-88>  A0 31 34 36 39 35 36 30   240
22:53:58  <00-88>  A0 35 33 34 31 35 37 38   241
22:53:58  <00-88>  A0 39 37 34 39 32 35 36   242
22:53:58  <00-88>  A0 31 37 39 36 38 38 34   243
22:53:58  <00-88>  A0 38 34 32 33 31 38 31   244
22:53:58  <00-88>  A0 33 34 36 38 38 31 30   245
22:53:58  <00-88>  A0 33 34 34 36 35 36 35   246
22:53:58  <00-88>  A0 39 32 33 33 36 31 32   247
22:53:58  <00-88>  A0 37 30 39 35 34 30 32   248
22:53:58  <00-88>  A0 30 36 36 35 36 31 31   249
22:53:58  <00-88>  A0 31 31 33 32 39 36 35   250
22:53:58  <00-88>  A0 33 35 38 39 32 31 37   251
22:53:58  <00-88>  A0 30 35 37 35 36 30 33   252
22:53:58  <00-88>  A0 31 39 30 33 33 36 32   253
22:53:58  <00-88>  A0 34 34 38 38            254
22:53:59  <00-88>  A0 31 36 30 34 31 38 34   255
22:53:59  <00-88>  A0 31 31 33 36 33 35 32   256
22:53:59  <00-88>  A0 30 36 37 34 39 36 35   257
22:53:59  <00-88>  A0 39 35 34 38 30 38 34   258
22:53:59  <00-88>  A0 34 34 36 35 34 33 33   259
22:53:59  <00-88>  A0 31 34 30 34 38 35 39   260
22:53:59  <00-88>  A0 31 34 36 39 35 36 30   261
22:53:59  <00-88>  A0 35 33 34 31 35 37 38   262
22:53:59  <00-88>  A0 39 37 34 39 32 35 36   263
22:53:59  <00-88>  A0 31 37 39 36 38 38 34   264
22:53:59  <00-88>  A0 38 34 32 33 31 38 31   265
22:53:59  <00-88>  A0 33 34 36 38 38 31 30   266
22:53:59  <00-88>  A0 33 34 34 36 35 36 35   267
22:53:59  <00-88>  A0 39 32 33 33 36 31 32   268
22:53:59  <00-88>  A0 37 30 39 35 34 30 32   269
22:53:59  <00-88>  A0 30 36 36 35 36 31 31   270
22:53:59  <00-88>  A0 31 31 33 32 39 36 35   271
22:53:59  <00-88>  A0 33 35 38 39 32 31 37   272
22:53:59  <00-88>  A0 30 35 37 35 36 30 33   273
22:53:59  <00-88>  A0 31 39 30 33 33 36 32   274
22:53:59  <00-88>  A0 34 34 38 38            275
22:54:03  <00-88>  A0 31 36 30 34 31 38 34   276
22:54:03  <00-88>  A0 31 31 33 36 33 35 32   277
22:54:03  <00-88>  A0 30 36 37 34 39 36 35   278
22:54:03  <00-88>  A0 39 35 34 38 30 38 34   279
22:54:03  <00-88>  A0 34 34 36 35 34 33 33   280
22:54:03  <00-88>  A0 31 34 30 34 38 35 39   281
22:54:03  <00-88>  A0 31 34 36 39 35 36 30   282
22:54:03  <00-88>  A0 35 33 34 31 35 37 38   283
22:54:03  <00-88>  A0 39 37 34 39 32 35 36   284
22:54:03  <00-88>  A0 31 37 39 36 38 38 34   285
22:54:03  <00-88>  A0 38 34 32 33 31 38 31   286
22:54:03  <00-88>  A0 33 34 36 38 38 31 30   287
22:54:03  <00-88>  A0 33 34 34 36 35 36 35   288
22:54:03  <00-88>  A0 39 32 33 33 36 31 32   289
22:54:03  <00-88>  A0 37 30 39 35 34 30 32   290
22:54:03  <00-88>  A0 30 36 36 35 36 31 31   291
22:54:03  <00-88>  A0 31 31 33 32 39 36 35   292
22:54:03  <00-88>  A0 33 35 38 39 32 31 37   293
22:54:03  <00-88>  A0 30 35 37 35 36 30 33   294
22:54:03  <00-88>  A0 31 39 30 33 33 36 32   295
22:54:03  <00-88>  A0 34 34 38 38            296
22:54:04  <00-88>  A0 31 36 30 34 31 38 34   297
22:54:04  <00-88>  A0 31 31 33 36 33 35 32   298
22:54:04  <00-88>  A0 30 36 37 34 39 36 35   299
22:54:04  <00-88>  A0 39 35 34 38 30 38 34   300
22:54:04  <00-88>  A0 34 34 36 35 34 33 33   301
22:54:04  <00-88>  A0 31 34 30 34 38 35 39   302
22:54:04  <00-88>  A0 31 34 36 39 35 36 30   303
22:54:04  <00-88>  A0 35 33 34 31 35 37 38   304
22:54:04  <00-88>  A0 39 37 34 39 32 35 36   305
22:54:04  <00-88>  A0 31 37 39 36 38 38 34   306
22:54:04  <00-88>  A0 38 34 32 33 31 38 31   307
22:54:04  <00-88>  A0 33 34 36 38 38 31 30   308
22:54:04  <00-88>  A0 33 34 34 36 35 36 35   309
22:54:04  <00-88>  A0 39 32 33 33 36 31 32   310
22:54:04  <00-88>  A0 37 30 39 35 34 30 32   311
22:54:04  <00-88>  A0 30 36 36 35 36 31 31   312
22:54:04  <00-88>  A0 31 31 33 32 39 36 35   313
22:54:04  <00-88>  A0 33 35 38 39 32 31 37   314
22:54:04  <00-88>  A0 30 35 37 35 36 30 33   315
22:54:04  <00-88>  A0 31 39 30 33 33 36 32   316
22:54:04  <00-88>  A0 34 34 38 38            317
22:54:04  <00-88>  A0 31 36 30 34 31 38 34   318
22:54:04  <00-88>  A0 31 31 33 36 33 35 32   319
22:54:04  <00-88>  A0 30 36 37 34 39 36 35   320
22:54:04  <00-88>  A0 39 35 34 38 30 38 34   321
22:54:04  <00-88>  A0 34 34 36 35 34 33 33   322
22:54:04  <00-88>  A0 31 34 30 34 38 35 39   323
22:54:04  <00-88>  A0 31 34 36 39 35 36 30   324
22:54:04  <00-88>  A0 35 33 34 31 35 37 38   325
22:54:04  <00-88>  A0 39 37 34 39 32 35 36   326
22:54:04  <00-88>  A0 31 37 39 36 38 38 34   327
22:54:04  <00-88>  A0 38 34 32 33 31 38 31   328
22:54:04  <00-88>  A0 33 34 36 38 38 31 30   329
22:54:04  <00-88>  A0 33 34 34 36 35 36 35   330
22:54:04  <00-88>  A0 39 32 33 33 36 31 32   331
22:54:04  <00-88>  A0 37 30 39 35 34 30 32   332
22:54:04  <00-88>  A0 30 36 36 35 36 31 31   333
22:54:04  <00-88>  A0 31 31 33 32 39 36 35   334
22:54:04  <00-88>  A0 33 35 38 39 32 31 37   335
22:54:04  <00-88>  A0 30 35 37 35 36 30 33   336
22:54:04  <00-88>  A0 31 39 30 33 33 36 32   337
22:54:04  <00-88>  A0 34 34 38 38            338
22:54:05  <00-88>  A0 31 36 30 34 31 38 34   339
22:54:05  <00-88>  A0 31 31 33 36 33 35 32   340
22:54:05  <00-88>  A0 30 36 37 34 39 36 35   341
22:54:05  <00-88>  A0 39 35 34 38 30 38 34   342
22:54:05  <00-88>  A0 34 34 36 35 34 33 33   343
22:54:05  <00-88>  A0 31 34 30 34 38 35 39   344
22:54:05  <00-88>  A0 31 34 36 39 35 36 30   345
22:54:05  <00-88>  A0 35 33 34 31 35 37 38   346
22:54:05  <00-88>  A0 39 37 34 39 32 35 36   347
22:54:05  <00-88>  A0 31 37 39 36 38 38 34   348
22:54:05  <00-88>  A0 38 34 32 33 31 38 31   349
22:54:05  <00-88>  A0 33 34 36 38 38 31 30   350
22:54:05  <00-88>  A0 33 34 34 36 35 36 35   351
22:54:05  <00-88>  A0 39 32 33 33 36 31 32   352
22:54:05  <00-88>  A0 37 30 39 35 34 30 32   353
22:54:05  <00-88>  A0 30 36 36 35 36 31 31   354
22:54:05  <00-88>  A0 31 31 33 32 39 36 35   355
22:54:05  <00-88>  A0 33 35 38 39 32 31 37   356
22:54:05  <00-88>  A0 30 35 37 35 36 30 33   357
22:54:05  <00-88>  A0 31 39 30 33 33 36 32   358
22:54:05  <00-88>  A0 34 34 38 38            359
22:54:06  <00-88>  A0 31 36 30 34 31 38 34   360
22:54:06  <00-88>  A0 31 31 33 36 33 35 32   361
22:54:06  <00-88>  A0 30 36 37 34 39 36 35   362
22:54:06  <00-88>  A0 39 35 34 38 30 38 34   363
22:54:06  <00-88>  A0 34 34 36 35 34 33 33   364
22:54:06  <00-88>  A0 31 34 30 34 38 35 39   365
22:54:06  <00-88>  A0 31 34 36 39 35 36 30   366
22:54:06  <00-88>  A0 35 33 34 31 35 37 38   367
22:54:06  <00-88>  A0 39 37 34 39 32 35 36   368
22:54:06  <00-88>  A0 31 37 39 36 38 38 34   369
22:54:06  <00-88>  A0 38 34 32 33 31 38 31   370
22:54:06  <00-88>  A0 33 34 36 38 38 31 30   371
22:54:06  <00-88>  A0 33 34 34 36 35 36 35   372
22:54:06  <00-88>  A0 39 32 33 33 36 31 32   373
22:54:06  <00-88>  A0 37 30 39 35 34 30 32   374
22:54:06  <00-88>  A0 30 36 36 35 36 31 31   375
22:54:06  <00-88>  A0 31 31 33 32 39 36 35   376
22:54:06  <00-88>  A0 33 35 38 39 32 31 37   377
22:54:06  <00-88>  A0 30 35 37 35 36 30 33   378
22:54:06  <00-88>  A0 31 39 30 33 33 36 32   379
22:54:06  <00-88>  A0 34 34 38 38            380
22:54:07  <00-88>  A0 31 36 30 34 31 38 34   381
22:54:07  <00-88>  A0 31 31 33 36 33 35 32   382
22:54:07  <00-88>  A0 30 36 37 34 39 36 35   383
22:54:07  <00-88>  A0 39 35 34 38 30 38 34   384
22:54:07  <00-88>  A0 34 34 36 35 34 33 33   385
22:54:07  <00-88>  A0 31 34 30 34 38 35 39   386
22:54:07  <00-88>  A0 31 34 36 39 35 36 30   387
22:54:07  <00-88>  A0 35 33 34 31 35 37 38   388
22:54:07  <00-88>  A0 39 37 34 39 32 35 36   389
22:54:07  <00-88>  A0 31 37 39 36 38 38 34   390
22:54:07  <00-88>  A0 38 34 32 33 31 38 31   391
22:54:07  <00-88>  A0 33 34 36 38 38 31 30   392
22:54:07  <00-88>  A0 33 34 34 36 35 36 35   393
22:54:07  <00-88>  A0 39 32 33 33 36 31 32   394
22:54:07  <00-88>  A0 37 30 39 35 34 30 32   395
22:54:07  <00-88>  A0 30 36 36 35 36 31 31   396
22:54:07  <00-88>  A0 31 31 33 32 39 36 35   397
22:54:07  <00-88>  A0 33 35 38 39 32 31 37   398
22:54:07  <00-88>  A0 30 35 37 35 36 30 33   399
22:54:07  <00-88>  A0 31 39 30 33 33 36 32   400
22:54:07  <00-88>  A0 34 34 38 38            401
22:54:10  <00-88>  A0 31 36 30 34 31 38 34   402
22:54:10  <00-88>  A0 31 31 33 36 33 35 32   403
22:54:10  <00-88>  A0 30 36 37 34 39 36 35   404
22:54:10  <00-88>  A0 39 35 34 38 30 38 34   405
22:54:10  <00-88>  A0 34 34 36 35 34 33 33   406
22:54:10  <00-88>  A0 31 34 30 34 38 35 39   407
22:54:10  <00-88>  A0 31 34 36 39 35 36 30   408
22:54:10  <00-88>  A0 35 33 34 31 35 37 38   409
22:54:10  <00-88>  A0 39 37 34 39 32 35 36   410
22:54:10  <00-88>  A0 31 37 39 36 38 38 34   411
22:54:10  <00-88>  A0 38 34 32 33 31 38 31   412
22:54:10  <00-88>  A0 33 34 36 38 38 31 30   413
22:54:10  <00-88>  A0 33 34 34 36 35 36 35   414
22:54:10  <00-88>  A0 39 32 33 33 36 31 32   415
22:54:10  <00-88>  A0 37 30 39 35 34 30 32   416
22:54:10  <00-88>  A0 30 36 36 35 36 31 31   417
22:54:10  <00-88>  A0 31 31 33 32 39 36 35   418
22:54:10  <00-88>  A0 33 35 38 39 32 31 37   419
22:54:10  <00-88>  A0 30 35 37 35 36 30 33   420
22:54:10  <00-88>  A0 31 39 30 33 33 36 32   421
22:54:10  <00-88>  A0 34 34 38 38            422
22:54:15  <00-88>  A0 31 36 30 34 31 38 34   423
22:54:15  <00-88>  A0 31 31 33 36 33 35 32   424
22:54:15  <00-88>  A0 30 36 37 34 39 36 35   425
22:54:15  <00-88>  A0 39 35 34 38 30 38 34   426
22:54:15  <00-88>  A0 34 34 36 35 34 33 33   427
22:54:15  <00-88>  A0 31 34 30 34 38 35 39   428
22:54:15  <00-88>  A0 31 34 36 39 35 36 30   429
22:54:15  <00-88>  A0 35 33 34 31 35 37 38   430
22:54:15  <00-88>  A0 39 37 34 39 32 35 36   431
22:54:15  <00-88>  A0 31 37 39 36 38 38 34   432
22:54:15  <00-88>  A0 38 34 32 33 31 38 31   433
22:54:15  <00-88>  A0 33 34 36 38 38 31 30   434
22:54:15  <00-88>  A0 33 34 34 36 35 36 35   435
22:54:15  <00-88>  A0 39 32 33 33 36 31 32   436
22:54:15  <00-88>  A0 37 30 39 35 34 30 32   437
22:54:15  <00-88>  A0 30 36 36 35 36 31 31   438
22:54:15  <00-88>  A0 31 31 33 32 39 36 35   439
22:54:15  <00-88>  A0 33 35 38 39 32 31 37   440
22:54:15  <00-88>  A0 30 35 37 35 36 30 33   441
22:54:15  <00-88>  A0 31 39 30 33 33 36 32   442
22:54:15  <00-88>  A0 34 34 38 38            443
22:56:59  <00-88>  0A 00                     1
22:57:07  <00-88>  A0 31 36 30 34 31 38 34   2
22:57:07  <00-88>  A0 31 31 33 36 33 35 32   3
22:57:07  <00-88>  A0 30 36 37 34 39 36 35   4
22:57:07  <00-88>  A0 39 35 34 38 30 38 34   5
22:57:07  <00-88>  A0 34 34 36 35 34 33 33   6
22:57:07  <00-88>  A0 31 34 30 34 38 35 39   7
22:57:07  <00-88>  A0 31 34 36 39 35 36 30   8
22:57:07  <00-88>  A0 35 33 34 31 35 37 38   9
22:57:07  <00-88>  A0 39 37 34 39 32 35 36   10
22:57:07  <00-88>  A0 31 37 39 36 38 38 34   11
22:57:07  <00-88>  A0 38 34 32 33 31 38 31   12
22:57:07  <00-88>  A0 33 34 36 38 38 31 30   13
22:57:07  <00-88>  A0 33 34 34 36 35 36 35   14
22:57:07  <00-88>  A0 39 32 33 33 36 31 32   15
22:57:07  <00-88>  A0 37 30 39 35 34 30 32   16
22:57:07  <00-88>  A0 30 36 36 35 36 31 31   17
22:57:07  <00-88>  A0 31 31 33 32 39 36 35   18
22:57:07  <00-88>  A0 33 35 38 39 32 31 37   19
22:57:07  <00-88>  A0 30 35 37 35 36 30 33   20
22:57:07  <00-88>  A0 31 39 30 33 33 36 32   21
22:57:07  <00-88>  A0 34 34 38 38            22
22:57:08  <00-88>  A0 31 36 30 34 31 38 34   23
22:57:08  <00-88>  A0 31 31 33 36 33 35 32   24
22:57:08  <00-88>  A0 30 36 37 34 39 36 35   25
22:57:08  <00-88>  A0 39 35 34 38 30 38 34   26
22:57:08  <00-88>  A0 34 34 36 35 34 33 33   27
22:57:08  <00-88>  A0 31 34 30 34 38 35 39   28
22:57:08  <00-88>  A0 31 34 36 39 35 36 30   29
22:57:08  <00-88>  A0 35 33 34 31 35 37 38   30
22:57:08  <00-88>  A0 39 37 34 39 32 35 36   31
22:57:08  <00-88>  A0 31 37 39 36 38 38 34   32
22:57:08  <00-88>  A0 38 34 32 33 31 38 31   33
22:57:08  <00-88>  A0 33 34 36 38 38 31 30   34
22:57:08  <00-88>  A0 33 34 34 36 35 36 35   35
22:57:08  <00-88>  A0 39 32 33 33 36 31 32   36
22:57:08  <00-88>  A0 37 30 39 35 34 30 32   37
22:57:08  <00-88>  A0 30 36 36 35 36 31 31   38
22:57:08  <00-88>  A0 31 31 33 32 39 36 35   39
22:57:08  <00-88>  A0 33 35 38 39 32 31 37   40
22:57:08  <00-88>  A0 30 35 37 35 36 30 33   41
22:57:08  <00-88>  A0 31 39 30 33 33 36 32   42
22:57:08  <00-88>  A0 34 34 38 38            43
22:57:09  <00-88>  A0 31 36 30 34 31 38 34   44
22:57:09  <00-88>  A0 31 31 33 36 33 35 32   45
22:57:09  <00-88>  A0 30 36 37 34 39 36 35   46
22:57:09  <00-88>  A0 39 35 34 38 30 38 34   47
22:57:09  <00-88>  A0 34 34 36 35 34 33 33   48
22:57:09  <00-88>  A0 31 34 30 34 38 35 39   49
22:57:09  <00-88>  A0 31 34 36 39 35 36 30   50
22:57:09  <00-88>  A0 35 33 34 31 35 37 38   51
22:57:09  <00-88>  A0 39 37 34 39 32 35 36   52
22:57:09  <00-88>  A0 31 37 39 36 38 38 34   53
22:57:09  <00-88>  A0 38 34 32 33 31 38 31   54
22:57:09  <00-88>  A0 33 34 36 38 38 31 30   55
22:57:09  <00-88>  A0 33 34 34 36 35 36 35   56
22:57:09  <00-88>  A0 39 32 33 33 36 31 32   57
22:57:09  <00-88>  A0 37 30 39 35 34 30 32   58
22:57:09  <00-88>  A0 30 36 36 35 36 31 31   59
22:57:09  <00-88>  A0 31 31 33 32 39 36 35   60
22:57:09  <00-88>  A0 33 35 38 39 32 31 37   61
22:57:09  <00-88>  A0 30 35 37 35 36 30 33   62
22:57:09  <00-88>  A0 31 39 30 33 33 36 32   63
22:57:09  <00-88>  A0 34 34 38 38            64
22:57:11  <00-88>  A0 31 36 30 34 31 38 34   65
22:57:11  <00-88>  A0 31 31 33 36 33 35 32   66
22:57:11  <00-88>  A0 30 36 37 34 39 36 35   67
22:57:11  <00-88>  A0 39 35 34 38 30 38 34   68
22:57:11  <00-88>  A0 34 34 36 35 34 33 33   69
22:57:11  <00-88>  A0 31 34 30 34 38 35 39   70
22:57:11  <00-88>  A0 31 34 36 39 35 36 30   71
22:57:11  <00-88>  A0 35 33 34 31 35 37 38   72
22:57:11  <00-88>  A0 39 37 34 39 32 35 36   73
22:57:11  <00-88>  A0 31 37 39 36 38 38 34   74
22:57:11  <00-88>  A0 38 34 32 33 31 38 31   75
22:57:11  <00-88>  A0 33 34 36 38 38 31 30   76
22:57:11  <00-88>  A0 33 34 34 36 35 36 35   77
22:57:11  <00-88>  A0 39 32 33 33 36 31 32   78
22:57:11  <00-88>  A0 37 30 39 35 34 30 32   79
22:57:11  <00-88>  A0 30 36 36 35 36 31 31   80
22:57:11  <00-88>  A0 31 31 33 32 39 36 35   81
22:57:11  <00-88>  A0 33 35 38 39 32 31 37   82
22:57:11  <00-88>  A0 30 35 37 35 36 30 33   83
22:57:11  <00-88>  A0 31 39 30 33 33 36 32   84
22:57:11  <00-88>  A0 34 34 38 38            85
22:57:11  <00-88>  A0 31 36 30 34 31 38 34   86
22:57:11  <00-88>  A0 31 31 33 36 33 35 32   87
22:57:11  <00-88>  A0 30 36 37 34 39 36 35   88
22:57:11  <00-88>  A0 39 35 34 38 30 38 34   89
22:57:11  <00-88>  A0 34 34 36 35 34 33 33   90
22:57:11  <00-88>  A0 31 34 30 34 38 35 39   91
22:57:11  <00-88>  A0 31 34 36 39 35 36 30   92
22:57:11  <00-88>  A0 35 33 34 31 35 37 38   93
22:57:11  <00-88>  A0 39 37 34 39 32 35 36   94
22:57:11  <00-88>  A0 31 37 39 36 38 38 34   95
22:57:11  <00-88>  A0 38 34 32 33 31 38 31   96
22:57:11  <00-88>  A0 33 34 36 38 38 31 30   97
22:57:11  <00-88>  A0 33 34 34 36 35 36 35   98
22:57:11  <00-88>  A0 39 32 33 33 36 31 32   99
22:57:11  <00-88>  A0 37 30 39 35 34 30 32   100
22:57:11  <00-88>  A0 30 36 36 35 36 31 31   101
22:57:11  <00-88>  A0 31 31 33 32 39 36 35   102
22:57:11  <00-88>  A0 33 35 38 39 32 31 37   103
22:57:11  <00-88>  A0 30 35 37 35 36 30 33   104
22:57:11  <00-88>  A0 31 39 30 33 33 36 32   105
22:57:11  <00-88>  A0 34 34 38 38            106
22:57:12  <00-88>  A0 31 36 30 34 31 38 34   107
22:57:12  <00-88>  A0 31 31 33 36 33 35 32   108
22:57:12  <00-88>  A0 30 36 37 34 39 36 35   109
22:57:12  <00-88>  A0 39 35 34 38 30 38 34   110
22:57:12  <00-88>  A0 34 34 36 35 34 33 33   111
22:57:12  <00-88>  A0 31 34 30 34 38 35 39   112
22:57:12  <00-88>  A0 31 34 36 39 35 36 30   113
22:57:12  <00-88>  A0 35 33 34 31 35 37 38   114
22:57:12  <00-88>  A0 39 37 34 39 32 35 36   115
22:57:12  <00-88>  A0 31 37 39 36 38 38 34   116
22:57:12  <00-88>  A0 38 34 32 33 31 38 31   117
22:57:12  <00-88>  A0 33 34 36 38 38 31 30   118
22:57:12  <00-88>  A0 33 34 34 36 35 36 35   119
22:57:12  <00-88>  A0 39 32 33 33 36 31 32   120
22:57:12  <00-88>  A0 37 30 39 35 34 30 32   121
22:57:12  <00-88>  A0 30 36 36 35 36 31 31   122
22:57:12  <00-88>  A0 31 31 33 32 39 36 35   123
22:57:12  <00-88>  A0 33 35 38 39 32 31 37   124
22:57:12  <00-88>  A0 30 35 37 35 36 30 33   125
22:57:12  <00-88>  A0 31 39 30 33 33 36 32   126
22:57:12  <00-88>  A0 34 34 38 38            127
22:57:13  <00-88>  A0 31 36 30 34 31 38 34   128
22:57:13  <00-88>  A0 31 31 33 36 33 35 32   129
22:57:13  <00-88>  A0 30 36 37 34 39 36 35   130
22:57:13  <00-88>  A0 39 35 34 38 30 38 34   131
22:57:13  <00-88>  A0 34 34 36 35 34 33 33   132
22:57:13  <00-88>  A0 31 34 30 34 38 35 39   133
22:57:13  <00-88>  A0 31 34 36 39 35 36 30   134
22:57:13  <00-88>  A0 35 33 34 31 35 37 38   135
22:57:13  <00-88>  A0 39 37 34 39 32 35 36   136
22:57:13  <00-88>  A0 31 37 39 36 38 38 34   137
22:57:13  <00-88>  A0 38 34 32 33 31 38 31   138
22:57:13  <00-88>  A0 33 34 36 38 38 31 30   139
22:57:13  <00-88>  A0 33 34 34 36 35 36 35   140
22:57:13  <00-88>  A0 39 32 33 33 36 31 32   141
22:57:13  <00-88>  A0 37 30 39 35 34 30 32   142
22:57:13  <00-88>  A0 30 36 36 35 36 31 31   143
22:57:13  <00-88>  A0 31 31 33 32 39 36 35   144
22:57:13  <00-88>  A0 33 35 38 39 32 31 37   145
22:57:13  <00-88>  A0 30 35 37 35 36 30 33   146
22:57:13  <00-88>  A0 31 39 30 33 33 36 32   147
22:57:13  <00-88>  A0 34 34 38 38            148
22:57:13  <00-88>  A0 31 36 30 34 31 38 34   149
22:57:13  <00-88>  A0 31 31 33 36 33 35 32   150
22:57:13  <00-88>  A0 30 36 37 34 39 36 35   151
22:57:13  <00-88>  A0 39 35 34 38 30 38 34   152
22:57:13  <00-88>  A0 34 34 36 35 34 33 33   153
22:57:13  <00-88>  A0 31 34 30 34 38 35 39   154
22:57:13  <00-88>  A0 31 34 36 39 35 36 30   155
22:57:13  <00-88>  A0 35 33 34 31 35 37 38   156
22:57:13  <00-88>  A0 39 37 34 39 32 35 36   157
22:57:13  <00-88>  A0 31 37 39 36 38 38 34   158
22:57:13  <00-88>  A0 38 34 32 33 31 38 31   159
22:57:13  <00-88>  A0 33 34 36 38 38 31 30   160
22:57:13  <00-88>  A0 33 34 34 36 35 36 35   161
22:57:13  <00-88>  A0 39 32 33 33 36 31 37   162
22:57:13  <00-88>  A0 30 39 35 34 30 32 30   163
22:57:13  <00-88>  A0 36 36 35 36 31 31 31   164
22:57:13  <00-88>  A0 31 33 32 39 36 35 33   165
22:57:13  <00-88>  A0 35 38 39 32 31 37 30   166
22:57:13  <00-88>  A0 35 37 35 36 30 33 31   167
22:57:13  <00-88>  A0 39 30 33 33 36 32 34   168
22:57:13  <00-88>  A0 34 38 38               169
22:57:14  <00-88>  A0 31 36 30 34 31 38 34   170
22:57:14  <00-88>  A0 31 31 33 36 33 35 32   171
22:57:14  <00-88>  A0 30 36 37 34 39 35 39   172
22:57:14  <00-88>  A0 35 34 38 30 38 34 34   173
22:57:14  <00-88>  A0 34 36 35 34 33 33 31   174
22:57:14  <00-88>  A0 34 30 34 38 35 39 31   175
22:57:14  <00-88>  A0 34 36 39 35 36 30 35   176
22:57:14  <00-88>  A0 33 34 31 35 37 38 39   177
22:57:14  <00-88>  A0 37 34 39 32 35 36 31   178
22:57:14  <00-88>  A0 37 39 36 38 38 34 38   179
22:57:14  <00-88>  A0 34 32 33 31 38 31 33   180
22:57:14  <00-88>  A0 34 36 38 38 31 30 33   181
22:57:14  <00-88>  A0 34 34 36 35 36 35 39   182
22:57:14  <00-88>  A0 32 33 33 36 31 32 37   183
22:57:14  <00-88>  A0 30 39 35 34 30 32 30   184
22:57:14  <00-88>  A0 36 36 35 36 31 31 31   185
22:57:14  <00-88>  A0 31 33 32 39 36 35 33   186
22:57:14  <00-88>  A0 35 38 39 32 31 37 30   187
22:57:14  <00-88>  A0 35 37 35 36 30 33 31   188
22:57:14  <00-88>  A0 39 30 33 33 36 32 34   189
22:57:14  <00-88>  A0 34 38 38               190
22:57:16  <00-88>  A0 31 36 30 34 31 38 34   191
22:57:16  <00-88>  A0 31 31 33 36 33 35 32   192
22:57:16  <00-88>  A0 30 36 37 34 39 36 35   193
22:57:16  <00-88>  A0 39 35 34 38 30 38 34   194
22:57:16  <00-88>  A0 34 34 36 35 34 33 33   195
22:57:16  <00-88>  A0 31 34 30 34 38 35 39   196
22:57:16  <00-88>  A0 31 34 36 39 35 36 30   197
22:57:16  <00-88>  A0 35 33 34 31 35 37 38   198
22:57:16  <00-88>  A0 39 37 34 39 32 35 36   199
22:57:16  <00-88>  A0 31 37 39 36 38 38 34   200
22:57:16  <00-88>  A0 38 34 32 33 31 38 31   201
22:57:16  <00-88>  A0 33 34 36 38 38 31 30   202
22:57:16  <00-88>  A0 33 34 34 36 35 36 35   203
22:57:16  <00-88>  A0 39 32 33 33 36 31 32   204
22:57:16  <00-88>  A0 37 30 39 35 34 30 32   205
22:57:16  <00-88>  A0 30 36 36 35 36 31 31   206
22:57:16  <00-88>  A0 31 31 33 32 39 36 35   207
22:57:16  <00-88>  A0 33 35 38 39 32 31 37   208
22:57:16  <00-88>  A0 30 35 37 35 36 30 33   209
22:57:16  <00-88>  A0 31 39 30 33 33 36 32   210
22:57:16  <00-88>  A0 34 34 38 38            211
22:57:17  <00-88>  A0 31 36 30 34 31 38 34   212
22:57:17  <00-88>  A0 31 31 33 36 33 35 32   213
22:57:17  <00-88>  A0 30 36 37 34 39 36 35   214
22:57:17  <00-88>  A0 39 35 34 38 30 38 34   215
22:57:17  <00-88>  A0 34 34 36 35 34 33 33   216
22:57:17  <00-88>  A0 31 34 30 34 38 35 39   217
22:57:17  <00-88>  A0 31 34 36 39 35 36 30   218
22:57:17  <00-88>  A0 35 33 34 31 35 37 38   219
22:57:17  <00-88>  A0 39 37 34 39 32 35 36   220
22:57:17  <00-88>  A0 31 37 39 36 38 38 34   221
22:57:17  <00-88>  A0 38 34 32 33 31 38 31   222
22:57:17  <00-88>  A0 33 34 36 38 38 31 30   223
22:57:17  <00-88>  A0 33 34 34 36 35 36 35   224
22:57:17  <00-88>  A0 39 32 33 33 36 31 32   225
22:57:17  <00-88>  A0 37 30 39 35 34 30 32   226
22:57:17  <00-88>  A0 30 36 36 35 36 31 31   227
22:57:17  <00-88>  A0 31 31 33 32 39 36 35   228
22:57:17  <00-88>  A0 33 35 38 39 32 31 37   229
22:57:17  <00-88>  A0 30 35 37 35 36 30 33   230
22:57:17  <00-88>  A0 31 39 30 33 33 36 32   231
22:57:17  <00-88>  A0 34 34 38 38            232
22:57:18  <00-88>  A0 31 36 30 34 31 38 34   233
22:57:18  <00-88>  A0 31 31 33 36 33 35 32   234
22:57:18  <00-88>  A0 30 36 37 34 39 36 35   235
22:57:18  <00-88>  A0 39 35 34 38 30 38 34   236
22:57:18  <00-88>  A0 34 34 36 35 34 33 33   237
22:57:18  <00-88>  A0 31 34 30 34 38 35 39   238
22:57:18  <00-88>  A0 31 34 36 39 35 36 30   239
22:57:18  <00-88>  A0 35 33 34 31 35 37 38   240
22:57:18  <00-88>  A0 39 37 34 39 32 35 36   241
22:57:18  <00-88>  A0 31 37 39 36 38 38 34   242
22:57:18  <00-88>  A0 38 34 32 33 31 38 31   243
22:57:18  <00-88>  A0 33 34 36 38 38 31 30   244
22:57:18  <00-88>  A0 33 34 34 36 35 36 35   245
22:57:18  <00-88>  A0 39 32 33 33 36 31 32   246
22:57:18  <00-88>  A0 37 30 39 35 34 30 32   247
22:57:18  <00-88>  A0 30 36 36 35 36 31 31   248
22:57:18  <00-88>  A0 31 31 33 32 39 36 35   249
22:57:18  <00-88>  A0 33 35 38 39 32 31 37   250
22:57:18  <00-88>  A0 30 35 37 35 36 30 33   251
22:57:18  <00-88>  A0 31 39 30 33 33 36 32   252
22:57:18  <00-88>  A0 34 34 38 38            253
22:57:18  <00-88>  A0 31 36 30 34 31 38 34   254
22:57:18  <00-88>  A0 31 31 33 36 33 35 32   255
22:57:18  <00-88>  A0 30 36 37 34 39 36 35   256
22:57:18  <00-88>  A0 39 35 34 38 30 38 34   257
22:57:18  <00-88>  A0 34 34 36 35 34 33 33   258
22:57:18  <00-88>  A0 31 34 30 34 38 35 39   259
22:57:18  <00-88>  A0 31 34 36 39 35 36 30   260
22:57:18  <00-88>  A0 35 33 34 31 35 37 38   261
22:57:18  <00-88>  A0 39 37 34 39 32 35 36   262
22:57:18  <00-88>  A0 31 37 39 36 38 38 34   263
22:57:18  <00-88>  A0 38 34 32 33 31 38 31   264
22:57:18  <00-88>  A0 33 34 36 38 38 31 30   265
22:57:18  <00-88>  A0 33 34 34 36 35 36 35   266
22:57:18  <00-88>  A0 39 32 33 33 36 31 32   267
22:57:18  <00-88>  A0 37 30 39 35 34 30 32   268
22:57:18  <00-88>  A0 30 36 36 35 36 31 31   269
22:57:18  <00-88>  A0 31 31 33 32 39 36 35   270
22:57:18  <00-88>  A0 33 35 38 39 32 31 37   271
22:57:18  <00-88>  A0 30 35 37 35 36 30 33   272
22:57:18  <00-88>  A0 31 39 30 33 33 36 32   273
22:57:18  <00-88>  A0 34 34 38 38            274
22:57:19  <00-88>  A0 31 36 30 34 31 38 34   275
22:57:19  <00-88>  A0 31 31 33 36 33 35 32   276
22:57:19  <00-88>  A0 30 36 37 34 39 36 35   277
22:57:19  <00-88>  A0 39 35 34 38 30 38 34   278
22:57:19  <00-88>  A0 34 34 36 35 34 33 33   279
22:57:19  <00-88>  A0 31 34 30 34 38 35 39   280
22:57:19  <00-88>  A0 31 34 36 39 35 36 30   281
22:57:19  <00-88>  A0 35 33 34 31 35 37 38   282
22:57:19  <00-88>  A0 39 37 34 39 32 35 36   283
22:57:19  <00-88>  A0 31 37 39 36 38 38 34   284
22:57:19  <00-88>  A0 38 34 32 33 31 38 31   285
22:57:19  <00-88>  A0 33 34 36 38 38 31 30   286
22:57:19  <00-88>  A0 33 34 34 36 35 36 35   287
22:57:19  <00-88>  A0 39 32 33 33 36 31 32   288
22:57:19  <00-88>  A0 37 30 39 35 34 30 32   289
22:57:19  <00-88>  A0 30 36 36 35 36 31 31   290
22:57:19  <00-88>  A0 31 31 33 32 39 36 35   291
22:57:19  <00-88>  A0 33 35 38 39 32 31 37   292
22:57:19  <00-88>  A0 30 35 37 35 36 30 33   293
22:57:19  <00-88>  A0 31 39 30 33 33 36 32   294
22:57:19  <00-88>  A0 34 34 38 38            295
22:57:37  <00-88>  A0 31 36 30 34 31 38 34   296
22:57:37  <00-88>  A0 31 31 33 36 33 35 32   297
22:57:37  <00-88>  A0 30 36 37 34 39 36 35   298
22:57:37  <00-88>  A0 39 35 34 38 30 38 34   299
22:57:37  <00-88>  A0 34 34 36 35 34 33 33   300
22:57:37  <00-88>  A0 31 34 30 34 38 35 39   301
22:57:37  <00-88>  A0 31 34 36 39 35 36 30   302
22:57:37  <00-88>  A0 35 33 34 31 35 37 38   303
22:57:37  <00-88>  A0 39 37 34 39 32 35 36   304
22:57:37  <00-88>  A0 31 37 39 36 38 38 34   305
22:57:37  <00-88>  A0 38 34 32 33 31 38 31   306
22:57:37  <00-88>  A0 33 34 36 38 38 31 30   307
22:57:37  <00-88>  A0 33 34 34 36 35 36 35   308
22:57:37  <00-88>  A0 39 32 33 33 36 31 32   309
22:57:37  <00-88>  A0 37 30 39 35 34 30 32   310
22:57:37  <00-88>  A0 30 36 36 35 36 31 31   311
22:57:37  <00-88>  A0 31 31 33 32 39 36 35   312
22:57:37  <00-88>  A0 33 35 38 39 32 31 37   313
22:57:37  <00-88>  A0 30 35 37 35 36 30 33   314
22:57:37  <00-88>  A0 31 39 30 33 33 36 32   315
22:57:37  <00-88>  A0 34 34 38 38            316
22:57:38  <00-88>  A0 31 36 30 34 31 38 34   317
22:57:38  <00-88>  A0 31 31 33 36 33 35 32   318
22:57:38  <00-88>  A0 30 36 37 34 39 36 35   319
22:57:38  <00-88>  A0 39 35 34 38 30 38 34   320
22:57:38  <00-88>  A0 34 34 36 35 34 33 33   321
22:57:38  <00-88>  A0 31 34 30 34 38 35 39   322
22:57:38  <00-88>  A0 31 34 36 39 35 36 30   323
22:57:38  <00-88>  A0 35 33 34 31 35 37 38   324
22:57:38  <00-88>  A0 39 37 34 39 32 35 36   325
22:57:38  <00-88>  A0 31 37 39 36 38 38 34   326
22:57:38  <00-88>  A0 38 34 32 33 31 38 31   327
22:57:38  <00-88>  A0 33 34 36 38 38 31 30   328
22:57:38  <00-88>  A0 33 34 34 36 35 36 35   329
22:57:38  <00-88>  A0 39 32 33 33 36 31 32   330
22:57:38  <00-88>  A0 37 30 39 35 34 30 32   331
22:57:38  <00-88>  A0 30 36 36 35 36 31 31   332
22:57:38  <00-88>  A0 31 33 32 39 36 35 33   333
22:57:38  <00-88>  A0 35 38 39 32 31 37 30   334
22:57:38  <00-88>  A0 35 37 35 36 30 33 31   335
22:57:38  <00-88>  A0 39 30 33 33 36 32 34   336
22:57:38  <00-88>  A0 34 38 38               337
22:57:40  <00-88>  A0 31 36 30 34 31 38 34   338
22:57:40  <00-88>  A0 31 31 33 36 33 35 32   339
22:57:40  <00-88>  A0 30 36 37 34 39 36 35   340
22:57:40  <00-88>  A0 39 35 34 38 30 38 34   341
22:57:40  <00-88>  A0 34 34 36 35 34 33 33   342
22:57:40  <00-88>  A0 31 34 30 34 38 35 39   343
22:57:40  <00-88>  A0 31 34 36 39 35 36 30   344
22:57:40  <00-88>  A0 35 33 34 31 35 37 38   345
22:57:40  <00-88>  A0 39 37 34 39 32 35 36   346
22:57:40  <00-88>  A0 31 37 39 36 38 38 34   347
22:57:40  <00-88>  A0 38 34 32 33 31 38 31   348
22:57:40  <00-88>  A0 33 34 36 38 38 31 30   349
22:57:40  <00-88>  A0 33 34 34 36 35 36 35   350
22:57:40  <00-88>  A0 39 32 33 33 36 31 32   351
22:57:40  <00-88>  A0 37 30 39 35 34 30 32   352
22:57:40  <00-88>  A0 30 36 36 35 36 31 31   353
22:57:40  <00-88>  A0 31 31 33 32 39 36 35   354
22:57:40  <00-88>  A0 33 35 38 39 32 31 37   355
22:57:40  <00-88>  A0 30 35 37 35 36 30 33   356
22:57:40  <00-88>  A0 31 39 30 33 33 36 32   357
22:57:40  <00-88>  A0 34 34 38 38            358
22:57:41  <00-88>  A0 31 36 30 34 31 38 34   359
22:57:41  <00-88>  A0 31 33 36 33 35 32 30   360
22:57:41  <00-88>  A0 36 37 34 39 36 35 39   361
22:57:41  <00-88>  A0 35 34 38 30 38 34 34   362
22:57:41  <00-88>  A0 34 36 35 34 33 33 31   363
22:57:41  <00-88>  A0 34 30 34 38 35 39 31   364
22:57:41  <00-88>  A0 34 36 39 35 36 30 35   365
22:57:41  <00-88>  A0 33 34 31 35 37 38 39   366
22:57:41  <00-88>  A0 37 34 39 32 35 36 31   367
22:57:41  <00-88>  A0 37 39 36 38 38 34 38   368
22:57:41  <00-88>  A0 34 32 33 31 38 31 33   369
22:57:41  <00-88>  A0 34 36 38 38 31 30 33   370
22:57:41  <00-88>  A0 34 34 36 35 36 35 39   371
22:57:41  <00-88>  A0 32 33 33 36 31 32 37   372
22:57:41  <00-88>  A0 30 39 35 34 30 32 30   373
22:57:41  <00-88>  A0 36 36 35 36 31 31 31   374
22:57:41  <00-88>  A0 31 33 32 39 36 35 33   375
22:57:41  <00-88>  A0 35 38 39 32 31 37 30   376
22:57:41  <00-88>  A0 35 37 35 36 30 33 31   377
22:57:41  <00-88>  A0 39 30 33 33 36 32 34   378
22:57:41  <00-88>  A0 34 38 38               379
22:57:42  <00-88>  A0 31 36 30 34 31 38 34   380
22:57:42  <00-88>  A0 31 31 33 36 33 35 32   381
22:57:42  <00-88>  A0 30 36 37 34 39 36 35   382
22:57:42  <00-88>  A0 39 35 34 38 30 38 34   383
22:57:42  <00-88>  A0 34 34 36 35 34 33 33   384
22:57:42  <00-88>  A0 31 34 30 34 38 35 39   385
22:57:42  <00-88>  A0 31 34 36 39 35 36 30   386
22:57:42  <00-88>  A0 35 33 34 31 35 37 38   387
22:57:42  <00-88>  A0 39 37 34 39 32 35 36   388
22:57:42  <00-88>  A0 31 37 39 36 38 38 34   389
22:57:42  <00-88>  A0 38 34 32 33 31 38 31   390
22:57:42  <00-88>  A0 33 34 36 38 38 31 30   391
22:57:42  <00-88>  A0 33 34 34 36 35 36 35   392
22:57:42  <00-88>  A0 39 32 33 33 36 31 32   393
22:57:42  <00-88>  A0 37 30 39 35 34 30 32   394
22:57:42  <00-88>  A0 30 36 36 35 36 31 31   395
22:57:42  <00-88>  A0 31 31 33 32 39 36 35   396
22:57:42  <00-88>  A0 33 35 38 39 32 31 37   397
22:57:42  <00-88>  A0 30 35 37 35 36 30 33   398
22:57:42  <00-88>  A0 31 39 30 33 33 36 32   399
22:57:42  <00-88>  A0 34 34 38 38            400
23:06:09  <00-88>  0A 00                     1
23:06:20  <00-88>  A0 31 36 30 34 31 38 34   2
23:06:20  <00-88>  A0 31 31 33 36 33 35 32   3
23:06:20  <00-88>  A0 30 36 37 34 39 36 35   4
23:06:20  <00-88>  A0 39 35 34 38 30 38 34   5
23:06:20  <00-88>  A0 34 34 36 35 34 33 33   6
23:06:20  <00-88>  A0 31 34 30 34 38 35 39   7
23:06:20  <00-88>  A0 31 34 36 39 35 36 30   8
23:06:20  <00-88>  A0 35 33 34 31 35 37 38   9
23:06:20  <00-88>  A0 39 37 34 39 32 35 36   10
23:06:20  <00-88>  A0 31 37 39 36 38 38 34   11
23:06:20  <00-88>  A0 38 34 32 33 31 38 31   12
23:06:20  <00-88>  A0 33 34 36 38 38 31 30   13
23:06:20  <00-88>  A0 33 34 34 36 35 36 35   14
23:06:20  <00-88>  A0 39 32 33 33 36 31 32   15
23:06:20  <00-88>  A0 37 30 39 35 34 30 32   16
23:06:20  <00-88>  A0 30 36 36 35 36 31 31   17
23:06:20  <00-88>  A0 31 31 33 32 39 36 35   18
23:06:20  <00-88>  A0 33 35 38 39 32 31 37   19
23:06:20  <00-88>  A0 30 35 37 35 36 30 33   20
23:06:20  <00-88>  A0 31 39 30 33 33 36 32   21
23:06:20  <00-88>  A0 34 34 38 38            22
23:06:21  <00-88>  A0 31 36 30 34 31 38 34   23
23:06:21  <00-88>  A0 31 31 33 36 33 35 32   24
23:06:21  <00-88>  A0 30 36 37 34 39 36 35   25
23:06:21  <00-88>  A0 39 35 34 38 30 38 34   26
23:06:21  <00-88>  A0 34 34 36 35 34 33 33   27
23:06:21  <00-88>  A0 31 34 30 34 38 35 39   28
23:06:21  <00-88>  A0 31 34 36 39 35 36 30   29
23:06:21  <00-88>  A0 35 33 34 31 35 37 38   30
23:06:21  <00-88>  A0 39 37 34 39 32 35 36   31
23:06:21  <00-88>  A0 31 37 39 36 38 38 34   32
23:06:21  <00-88>  A0 38 34 32 33 31 38 31   33
23:06:21  <00-88>  A0 33 34 36 38 38 31 30   34
23:06:21  <00-88>  A0 33 34 34 36 35 36 35   35
23:06:21  <00-88>  A0 39 32 33 33 36 31 32   36
23:06:21  <00-88>  A0 37 30 39 35 34 30 32   37
23:06:21  <00-88>  A0 30 36 36 35 36 31 31   38
23:06:21  <00-88>  A0 31 31 33 32 39 36 35   39
23:06:21  <00-88>  A0 33 35 38 39 32 31 37   40
23:06:21  <00-88>  A0 30 35 37 35 36 30 33   41
23:06:21  <00-88>  A0 31 39 30 33 33 36 32   42
23:06:21  <00-88>  A0 34 34 38 38            43
23:06:22  <00-88>  A0 31 36 30 34 31 38 34   44
23:06:22  <00-88>  A0 31 31 33 36 33 35 32   45
23:06:22  <00-88>  A0 30 36 37 34 39 36 35   46
23:06:22  <00-88>  A0 39 35 34 38 30 38 34   47
23:06:22  <00-88>  A0 34 34 36 35 34 33 33   48
23:06:22  <00-88>  A0 31 34 30 34 38 35 39   49
23:06:22  <00-88>  A0 31 34 36 39 35 36 30   50
23:06:22  <00-88>  A0 35 33 34 31 35 37 38   51
23:06:22  <00-88>  A0 39 37 34 39 32 35 36   52
23:06:22  <00-88>  A0 31 37 39 36 38 38 34   53
23:06:22  <00-88>  A0 38 34 32 33 31 38 31   54
23:06:22  <00-88>  A0 33 34 36 38 38 31 30   55
23:06:22  <00-88>  A0 33 34 34 36 35 36 35   56
23:06:22  <00-88>  A0 39 32 33 33 36 31 32   57
23:06:22  <00-88>  A0 37 30 39 35 34 30 32   58
23:06:22  <00-88>  A0 30 36 36 35 36 31 31   59
23:06:22  <00-88>  A0 31 31 33 32 39 36 35   60
23:06:22  <00-88>  A0 33 35 38 39 32 31 37   61
23:06:22  <00-88>  A0 30 35 37 35 36 30 33   62
23:06:22  <00-88>  A0 31 39 30 33 33 36 32   63
23:06:22  <00-88>  A0 34 34 38 38            64
23:06:23  <00-88>  A0 31 36 30 34 31 38 34   65
23:06:23  <00-88>  A0 31 31 33 36 33 35 32   66
23:06:23  <00-88>  A0 30 36 37 34 39 36 35   67
23:06:23  <00-88>  A0 39 35 34 38 30 38 34   68
23:06:23  <00-88>  A0 34 34 36 35 34 33 33   69
23:06:23  <00-88>  A0 31 34 30 34 38 35 39   70
23:06:23  <00-88>  A0 31 34 36 39 35 36 30   71
23:06:23  <00-88>  A0 35 33 34 31 35 37 38   72
23:06:23  <00-88>  A0 39 37 34 39 32 35 36   73
23:06:23  <00-88>  A0 31 37 39 36 38 38 34   74
23:06:23  <00-88>  A0 38 34 32 33 31 38 31   75
23:06:23  <00-88>  A0 33 34 36 38 38 31 30   76
23:06:23  <00-88>  A0 33 34 34 36 35 36 35   77
23:06:23  <00-88>  A0 39 32 33 33 36 31 32   78
23:06:23  <00-88>  A0 37 30 39 35 34 30 32   79
23:06:23  <00-88>  A0 30 36 36 35 36 31 31   80
23:06:23  <00-88>  A0 31 31 33 32 39 36 35   81
23:06:23  <00-88>  A0 33 35 38 39 32 31 37   82
23:06:23  <00-88>  A0 30 35 37 35 36 30 33   83
23:06:23  <00-88>  A0 31 39 30 33 33 36 32   84
23:06:23  <00-88>  A0 34 34 38 38            85
23:06:23  <00-88>  A0 31 36 30 34 31 38 34   86
23:06:23  <00-88>  A0 31 31 33 36 33 35 32   87
23:06:23  <00-88>  A0 30 36 37 34 39 36 35   88
23:06:23  <00-88>  A0 39 35 34 38 30 38 34   89
23:06:23  <00-88>  A0 34 34 36 35 34 33 33   90
23:06:23  <00-88>  A0 31 34 30 34 38 35 39   91
23:06:23  <00-88>  A0 31 34 36 39 35 36 30   92
23:06:23  <00-88>  A0 35 33 34 31 35 37 38   93
23:06:23  <00-88>  A0 39 37 34 39 32 35 36   94
23:06:23  <00-88>  A0 31 37 39 36 38 38 34   95
23:06:23  <00-88>  A0 38 34 32 33 31 38 31   96
23:06:23  <00-88>  A0 33 34 36 38 38 31 30   97
23:06:23  <00-88>  A0 33 34 34 36 35 36 35   98
23:06:23  <00-88>  A0 39 32 33 33 36 31 32   99
23:06:23  <00-88>  A0 37 30 39 35 34 30 32   100
23:06:23  <00-88>  A0 30 36 36 35 36 31 31   101
23:06:23  <00-88>  A0 31 31 33 32 39 36 35   102
23:06:23  <00-88>  A0 33 35 38 39 32 31 37   103
23:06:23  <00-88>  A0 30 35 37 35 36 30 33   104
23:06:23  <00-88>  A0 31 39 30 33 33 36 32   105
23:06:23  <00-88>  A0 34 34 38 38            106
23:06:24  <00-88>  A0 31 36 30 34 31 38 34   107
23:06:24  <00-88>  A0 31 31 33 36 33 35 32   108
23:06:24  <00-88>  A0 30 36 37 34 39 36 35   109
23:06:24  <00-88>  A0 39 35 34 38 30 38 34   110
23:06:24  <00-88>  A0 34 34 36 35 34 33 33   111
23:06:24  <00-88>  A0 31 34 30 34 38 35 39   112
23:06:24  <00-88>  A0 31 34 36 39 35 36 30   113
23:06:24  <00-88>  A0 35 33 34 31 35 37 38   114
23:06:24  <00-88>  A0 39 37 34 39 32 35 36   115
23:06:24  <00-88>  A0 31 37 39 36 38 38 34   116
23:06:24  <00-88>  A0 38 34 32 33 31 38 31   117
23:06:24  <00-88>  A0 33 34 36 38 38 31 30   118
23:06:24  <00-88>  A0 33 34 34 36 35 36 35   119
23:06:24  <00-88>  A0 39 32 33 33 36 31 32   120
23:06:24  <00-88>  A0 37 30 39 35 34 30 32   121
23:06:24  <00-88>  A0 30 36 36 35 36 31 31   122
23:06:24  <00-88>  A0 31 31 33 32 39 36 35   123
23:06:24  <00-88>  A0 33 35 38 39 32 31 37   124
23:06:24  <00-88>  A0 30 35 37 35 36 30 33   125
23:06:24  <00-88>  A0 31 39 30 33 33 36 32   126
23:06:24  <00-88>  A0 34 34 38 38            127
23:06:27  <00-88>  A0 31 36 30 34 31 38 34   128
23:06:27  <00-88>  A0 31 31 33 36 33 35 32   129
23:06:27  <00-88>  A0 30 36 37 34 39 36 35   130
23:06:27  <00-88>  A0 39 35 34 38 30 38 34   131
23:06:27  <00-88>  A0 34 34 36 35 34 33 33   132
23:06:27  <00-88>  A0 31 34 30 34 38 35 39   133
23:06:27  <00-88>  A0 31 34 36 39 35 36 30   134
23:06:27  <00-88>  A0 35 33 34 31 35 37 38   135
23:06:27  <00-88>  A0 39 37 34 39 32 35 36   136
23:06:27  <00-88>  A0 31 37 39 36 38 38 34   137
23:06:27  <00-88>  A0 38 34 32 33 31 38 31   138
23:06:27  <00-88>  A0 33 34 36 38 38 31 30   139
23:06:27  <00-88>  A0 33 34 34 36 35 36 35   140
23:06:27  <00-88>  A0 39 32 33 33 36 31 32   141
23:06:27  <00-88>  A0 37 30 39 35 34 30 32   142
23:06:27  <00-88>  A0 30 36 36 35 36 31 31   143
23:06:27  <00-88>  A0 31 31 33 32 39 36 35   144
23:06:27  <00-88>  A0 33 35 38 39 32 31 37   145
23:06:27  <00-88>  A0 30 35 37 35 36 30 33   146
23:06:27  <00-88>  A0 31 39 30 33 33 36 32   147
23:06:27  <00-88>  A0 34 34 38 38            148
23:06:28  <00-88>  A0 31 36 30 34 31 38 34   149
23:06:28  <00-88>  A0 31 31 33 36 33 35 32   150
23:06:28  <00-88>  A0 30 36 37 34 39 36 35   151
23:06:28  <00-88>  A0 39 35 34 38 30 38 34   152
23:06:28  <00-88>  A0 34 34 36 35 34 33 33   153
23:06:28  <00-88>  A0 31 34 30 34 38 35 39   154
23:06:28  <00-88>  A0 31 34 36 39 35 36 30   155
23:06:28  <00-88>  A0 35 33 34 31 35 37 38   156
23:06:28  <00-88>  A0 39 37 34 39 32 35 36   157
23:06:28  <00-88>  A0 31 37 39 36 38 38 34   158
23:06:28  <00-88>  A0 38 34 32 33 31 38 31   159
23:06:28  <00-88>  A0 33 34 36 38 38 31 30   160
23:06:28  <00-88>  A0 33 34 34 36 35 36 35   161
23:06:28  <00-88>  A0 39 32 33 33 36 31 32   162
23:06:28  <00-88>  A0 37 30 39 35 34 30 32   163
23:06:28  <00-88>  A0 30 36 36 35 36 31 31   164
23:06:28  <00-88>  A0 31 31 33 32 39 36 35   165
23:06:28  <00-88>  A0 33 35 38 39 32 31 37   166
23:06:28  <00-88>  A0 30 35 37 35 36 30 33   167
23:06:28  <00-88>  A0 31 39 30 33 33 36 32   168
23:06:28  <00-88>  A0 34 34 38 38            169
23:06:29  <00-88>  A0 31 36 30 34 31 38 34   170
23:06:29  <00-88>  A0 31 31 33 36 33 35 32   171
23:06:29  <00-88>  A0 30 36 37 34 39 36 35   172
23:06:29  <00-88>  A0 39 35 34 38 30 38 34   173
23:06:29  <00-88>  A0 34 34 36 35 34 33 33   174
23:06:29  <00-88>  A0 31 34 30 34 38 35 39   175
23:06:29  <00-88>  A0 31 34 36 39 35 36 30   176
23:06:29  <00-88>  A0 35 33 34 31 35 37 38   177
23:06:29  <00-88>  A0 39 37 34 39 32 35 36   178
23:06:29  <00-88>  A0 31 37 39 36 38 38 34   179
23:06:29  <00-88>  A0 38 34 32 33 31 38 31   180
23:06:29  <00-88>  A0 33 34 36 38 38 31 30   181
23:06:29  <00-88>  A0 33 34 34 36 35 36 35   182
23:06:29  <00-88>  A0 39 32 33 33 36 31 32   183
23:06:29  <00-88>  A0 37 30 39 35 34 30 32   184
23:06:29  <00-88>  A0 30 36 36 35 36 31 31   185
23:06:29  <00-88>  A0 31 31 33 32 39 36 35   186
23:06:29  <00-88>  A0 33 35 38 39 32 31 37   187
23:06:29  <00-88>  A0 30 35 37 35 36 30 33   188
23:06:29  <00-88>  A0 31 39 30 33 33 36 32   189
23:06:29  <00-88>  A0 34 34 38 38            190
23:06:30  <00-88>  A0 31 36 30 34 31 38 34   191
23:06:30  <00-88>  A0 31 31 33 36 33 35 32   192
23:06:30  <00-88>  A0 30 36 37 34 39 36 35   193
23:06:30  <00-88>  A0 39 35 34 38 30 38 34   194
23:06:30  <00-88>  A0 34 34 36 35 34 33 33   195
23:06:30  <00-88>  A0 31 34 30 38 35 39 31   196
23:06:30  <00-88>  A0 34 36 39 35 36 30 35   197
23:06:30  <00-88>  A0 33 34 31 35 37 38 39   198
23:06:30  <00-88>  A0 37 34 39 32 35 36 31   199
23:06:30  <00-88>  A0 37 39 36 38 38 34 38   200
23:06:30  <00-88>  A0 34 32 33 31 38 31 33   201
23:06:30  <00-88>  A0 34 36 38 38 31 30 33   202
23:06:30  <00-88>  A0 34 34 36 35 36 35 39   203
23:06:30  <00-88>  A0 32 33 33 36 31 32 37   204
23:06:30  <00-88>  A0 30 39 35 34 30 32 30   205
23:06:30  <00-88>  A0 36 36 35 36 31 31 31   206
23:06:30  <00-88>  A0 31 33 32 39 36 35 33   207
23:06:30  <00-88>  A0 35 38 39 32 31 37 30   208
23:06:30  <00-88>  A0 35 37 35 36 30 33 31   209
23:06:30  <00-88>  A0 39 30 33 33 36 32 34   210
23:06:30  <00-88>  A0 34 38 38               211
23:06:31  <00-88>  A0 31 36 30 34 31 38 34   212
23:06:31  <00-88>  A0 31 31 33 36 33 35 32   213
23:06:31  <00-88>  A0 30 36 37 34 39 36 35   214
23:06:31  <00-88>  A0 39 35 34 38 30 38 34   215
23:06:31  <00-88>  A0 34 34 36 35 34 33 33   216
23:06:31  <00-88>  A0 31 34 30 34 38 35 39   217
23:06:31  <00-88>  A0 31 34 36 39 35 36 30   218
23:06:31  <00-88>  A0 35 33 34 31 35 37 38   219
23:06:31  <00-88>  A0 39 37 34 39 32 35 36   220
23:06:31  <00-88>  A0 31 37 39 36 38 38 34   221
23:06:31  <00-88>  A0 38 34 32 33 31 38 31   222
23:06:31  <00-88>  A0 33 34 36 38 38 31 30   223
23:06:31  <00-88>  A0 33 34 34 36 35 36 35   224
23:06:31  <00-88>  A0 39 32 33 33 36 31 32   225
23:06:31  <00-88>  A0 37 30 39 35 34 30 32   226
23:06:31  <00-88>  A0 30 36 36 35 36 31 31   227
23:06:31  <00-88>  A0 31 31 33 32 39 36 35   228
23:06:31  <00-88>  A0 33 35 38 39 32 31 37   229
23:06:31  <00-88>  A0 30 35 37 35 36 30 33   230
23:06:31  <00-88>  A0 31 39 30 33 33 36 32   231
23:06:31  <00-88>  A0 34 34 38 38            232
23:06:31  <00-88>  A0 31 36 30 34 31 38 34   233
23:06:31  <00-88>  A0 31 31 33 36 33 35 32   234
23:06:31  <00-88>  A0 30 36 37 34 39 36 35   235
23:06:31  <00-88>  A0 39 35 34 38 30 38 34   236
23:06:31  <00-88>  A0 34 34 36 35 34 33 33   237
23:06:31  <00-88>  A0 31 34 30 34 38 35 39   238
23:06:31  <00-88>  A0 31 34 36 39 35 36 30   239
23:06:31  <00-88>  A0 35 33 34 31 35 37 38   240
23:06:31  <00-88>  A0 39 37 34 39 32 35 36   241
23:06:31  <00-88>  A0 31 37 39 36 38 38 34   242
23:06:31  <00-88>  A0 38 34 32 33 31 38 31   243
23:06:31  <00-88>  A0 33 34 36 38 38 31 30   244
23:06:31  <00-88>  A0 33 34 34 36 35 36 35   245
23:06:31  <00-88>  A0 39 32 33 33 36 31 32   246
23:06:31  <00-88>  A0 37 30 39 35 34 30 32   247
23:06:31  <00-88>  A0 30 36 36 35 36 31 31   248
23:06:31  <00-88>  A0 31 31 33 32 39 36 35   249
23:06:31  <00-88>  A0 33 35 38 39 32 31 37   250
23:06:31  <00-88>  A0 30 35 37 35 36 30 33   251
23:06:31  <00-88>  A0 31 39 30 33 33 36 32   252
23:06:31  <00-88>  A0 34 34 38 38            253
23:06:32  <00-88>  A0 31 36 30 34 31 38 34   254
23:06:32  <00-88>  A0 31 31 33 36 33 35 32   255
23:06:32  <00-88>  A0 30 36 37 34 39 36 35   256
23:06:32  <00-88>  A0 39 35 34 38 30 38 34   257
23:06:32  <00-88>  A0 34 34 36 35 34 33 33   258
23:06:32  <00-88>  A0 31 34 30 34 38 35 39   259
23:06:32  <00-88>  A0 31 34 36 39 35 36 30   260
23:06:32  <00-88>  A0 35 33 34 31 35 37 38   261
23:06:32  <00-88>  A0 39 37 34 39 32 35 36   262
23:06:32  <00-88>  A0 31 37 39 36 38 38 34   263
23:06:32  <00-88>  A0 38 34 32 33 31 38 31   264
23:06:32  <00-88>  A0 33 34 36 38 38 31 30   265
23:06:32  <00-88>  A0 33 34 34 36 35 36 35   266
23:06:32  <00-88>  A0 39 32 33 33 36 31 32   267
23:06:32  <00-88>  A0 37 30 39 35 34 30 32   268
23:06:32  <00-88>  A0 30 36 36 35 36 31 31   269
23:06:32  <00-88>  A0 31 31 33 32 39 36 35   270
23:06:32  <00-88>  A0 33 35 38 39 32 31 37   271
23:06:32  <00-88>  A0 30 35 37 35 36 30 33   272
23:06:32  <00-88>  A0 31 39 30 33 33 36 32   273
23:06:32  <00-88>  A0 34 34 38 38            274
23:06:32  <00-88>  A0 31 36 30 34 31 38 34   275
23:06:32  <00-88>  A0 31 31 33 36 33 35 32   276
23:06:32  <00-88>  A0 30 36 37 34 39 36 35   277
23:06:32  <00-88>  A0 39 35 34 38 30 38 34   278
23:06:32  <00-88>  A0 34 34 36 35 34 33 33   279
23:06:32  <00-88>  A0 31 34 30 34 38 35 39   280
23:06:32  <00-88>  A0 31 34 36 39 35 36 30   281
23:06:32  <00-88>  A0 35 33 34 31 35 37 38   282
23:06:32  <00-88>  A0 39 37 34 39 32 35 36   283
23:06:32  <00-88>  A0 31 37 39 36 38 38 34   284
23:06:32  <00-88>  A0 38 34 32 33 31 38 31   285
23:06:32  <00-88>  A0 33 34 36 38 38 31 30   286
23:06:32  <00-88>  A0 33 34 34 36 35 36 35   287
23:06:32  <00-88>  A0 39 32 33 33 36 31 32   288
23:06:32  <00-88>  A0 37 30 39 35 34 30 32   289
23:06:32  <00-88>  A0 30 36 36 35 36 31 31   290
23:06:32  <00-88>  A0 31 31 33 32 39 36 35   291
23:06:32  <00-88>  A0 33 35 38 39 32 31 37   292
23:06:32  <00-88>  A0 30 35 37 35 36 30 33   293
23:06:32  <00-88>  A0 31 39 30 33 33 36 32   294
23:06:32  <00-88>  A0 34 34 38 38            295
23:06:33  <00-88>  A0 31 36 30 34 31 38 34   296
23:06:33  <00-88>  A0 31 31 33 36 33 35 32   297
23:06:33  <00-88>  A0 30 36 37 34 39 36 35   298
23:06:33  <00-88>  A0 39 35 34 38 30 38 34   299
23:06:33  <00-88>  A0 34 34 36 35 34 33 33   300
23:06:33  <00-88>  A0 31 34 30 34 38 35 39   301
23:06:33  <00-88>  A0 31 34 36 39 35 36 30   302
23:06:33  <00-88>  A0 35 33 34 31 35 37 38   303
23:06:33  <00-88>  A0 39 37 34 39 32 35 36   304
23:06:33  <00-88>  A0 31 37 39 36 38 38 34   305
23:06:33  <00-88>  A0 38 34 32 33 31 38 31   306
23:06:33  <00-88>  A0 33 34 36 38 38 31 30   307
23:06:33  <00-88>  A0 33 34 34 36 35 36 35   308
23:06:33  <00-88>  A0 39 32 33 33 36 31 32   309
23:06:33  <00-88>  A0 37 30 39 35 34 30 32   310
23:06:33  <00-88>  A0 30 36 36 35 36 31 31   311
23:06:33  <00-88>  A0 31 31 33 32 39 36 35   312
23:06:33  <00-88>  A0 33 35 38 39 32 31 37   313
23:06:33  <00-88>  A0 30 35 37 35 36 30 33   314
23:06:33  <00-88>  A0 31 39 30 33 33 36 32   315
23:06:33  <00-88>  A0 34 34 38 38            316
23:06:33  <00-88>  A0 31 36 30 34 31 38 34   317
23:06:33  <00-88>  A0 31 31 33 36 33 35 32   318
23:06:33  <00-88>  A0 30 36 37 34 39 36 35   319
23:06:33  <00-88>  A0 39 35 34 38 30 38 34   320
23:06:33  <00-88>  A0 34 34 35 34 33 33 31   321
23:06:33  <00-88>  A0 34 30 34 38 35 39 31   322
23:06:33  <00-88>  A0 34 36 39 35 36 30 35   323
23:06:33  <00-88>  A0 33 34 31 35 37 38 39   324
23:06:33  <00-88>  A0 37 34 39 32 35 36 31   325
23:06:33  <00-88>  A0 37 39 36 38 38 34 38   326
23:06:33  <00-88>  A0 34 32 33 31 38 31 33   327
23:06:33  <00-88>  A0 34 36 38 38 31 30 33   328
23:06:33  <00-88>  A0 34 34 36 35 36 35 39   329
23:06:33  <00-88>  A0 32 33 33 36 31 32 37   330
23:06:33  <00-88>  A0 30 39 35 34 30 32 30   331
23:06:33  <00-88>  A0 36 36 35 36 31 31 31   332
23:06:33  <00-88>  A0 31 33 32 39 36 35 33   333
23:06:33  <00-88>  A0 35 38 39 32 31 37 30   334
23:06:33  <00-88>  A0 35 37 35 36 30 33 31   335
23:06:33  <00-88>  A0 39 30 33 33 36 32 34   336
23:06:33  <00-88>  A0 34 38 38               337
23:06:34  <00-88>  A0 31 36 30 34 31 38 34   338
23:06:34  <00-88>  A0 31 31 33 36 33 35 32   339
23:06:34  <00-88>  A0 30 36 37 34 39 36 35   340
23:06:34  <00-88>  A0 39 35 34 38 30 38 34   341
23:06:34  <00-88>  A0 34 34 36 35 34 33 33   342
23:06:34  <00-88>  A0 31 34 30 34 38 35 39   343
23:06:34  <00-88>  A0 31 34 36 39 35 36 30   344
23:06:34  <00-88>  A0 35 33 34 31 35 37 38   345
23:06:34  <00-88>  A0 39 37 34 39 32 35 36   346
23:06:34  <00-88>  A0 31 37 39 36 38 38 34   347
23:06:34  <00-88>  A0 38 34 32 33 31 38 31   348
23:06:34  <00-88>  A0 33 34 36 38 38 31 30   349
23:06:34  <00-88>  A0 33 34 34 36 35 36 35   350
23:06:34  <00-88>  A0 39 32 33 33 36 31 32   351
23:06:34  <00-88>  A0 37 30 39 35 34 30 32   352
23:06:34  <00-88>  A0 30 36 36 35 36 31 31   353
23:06:34  <00-88>  A0 31 31 33 32 39 36 35   354
23:06:34  <00-88>  A0 33 35 38 39 32 31 37   355
23:06:34  <00-88>  A0 30 35 37 35 36 30 33   356
23:06:34  <00-88>  A0 31 39 30 33 33 36 32   357
23:06:34  <00-88>  A0 34 34 38 38            358
23:06:35  <00-88>  A0 31 36 30 34 31 38 34   359
23:06:35  <00-88>  A0 31 31 33 36 33 35 32   360
23:06:35  <00-88>  A0 30 36 37 34 39 36 35   361
23:06:35  <00-88>  A0 39 35 34 38 30 38 34   362
23:06:35  <00-88>  A0 34 34 36 35 34 33 33   363
23:06:35  <00-88>  A0 31 34 30 34 38 35 39   364
23:06:35  <00-88>  A0 31 34 36 39 35 36 30   365
23:06:35  <00-88>  A0 35 33 34 31 35 37 38   366
23:06:35  <00-88>  A0 39 37 34 39 32 35 36   367
23:06:35  <00-88>  A0 31 37 39 36 38 38 34   368
23:06:35  <00-88>  A0 38 34 32 33 31 38 31   369
23:06:35  <00-88>  A0 33 34 36 38 38 31 30   370
23:06:35  <00-88>  A0 33 34 34 36 35 36 35   371
23:06:35  <00-88>  A0 39 32 33 33 36 31 32   372
23:06:35  <00-88>  A0 37 30 39 35 34 30 32   373
23:06:35  <00-88>  A0 30 36 36 35 36 31 31   374
23:06:35  <00-88>  A0 31 31 33 32 39 36 35   375
23:06:35  <00-88>  A0 33 35 38 39 32 31 37   376
23:06:35  <00-88>  A0 30 35 37 35 36 30 33   377
23:06:35  <00-88>  A0 31 39 30 33 33 36 32   378
23:06:35  <00-88>  A0 34 34 38 38            379
23:06:37  <00-88>  A0 31 36 30 34 31 38 34   380
23:06:37  <00-88>  A0 31 31 33 36 33 35 32   381
23:06:37  <00-88>  A0 30 36 37 34 39 36 35   382
23:06:37  <00-88>  A0 39 35 34 38 30 38 34   383
23:06:37  <00-88>  A0 34 34 36 35 34 33 33   384
23:06:37  <00-88>  A0 31 34 30 34 38 35 39   385
23:06:37  <00-88>  A0 31 34 36 39 35 36 30   386
23:06:37  <00-88>  A0 35 33 34 31 35 37 38   387
23:06:37  <00-88>  A0 37 34 39 32 35 36 31   388
23:06:37  <00-88>  A0 37 39 36 38 38 34 38   389
23:06:37  <00-88>  A0 34 32 33 31 38 31 33   390
23:06:37  <00-88>  A0 34 36 38 38 31 30 33   391
23:06:37  <00-88>  A0 34 34 36 35 36 35 39   392
23:06:37  <00-88>  A0 32 33 33 36 31 32 37   393
23:06:37  <00-88>  A0 30 39 35 34 30 32 30   394
23:06:37  <00-88>  A0 36 36 35 36 31 31 31   395
23:06:37  <00-88>  A0 31 33 32 39 36 35 33   396
23:06:37  <00-88>  A0 35 38 39 32 31 37 30   397
23:06:37  <00-88>  A0 35 37 35 36 30 33 31   398
23:06:37  <00-88>  A0 39 30 33 33 36 32 34   399
23:06:37  <00-88>  A0 34 38 38               400
23:06:37  <00-88>  A0 31 36 30 34 31 38 34   401
23:06:37  <00-88>  A0 31 31 33 36 33 35 32   402
23:06:37  <00-88>  A0 30 36 37 34 39 36 35   403
23:06:37  <00-88>  A0 39 35 34 38 30 38 34   404
23:06:37  <00-88>  A0 34 34 36 35 34 33 33   405
23:06:37  <00-88>  A0 31 34 30 34 38 35 39   406
23:06:37  <00-88>  A0 31 34 36 39 35 36 30   407
23:06:37  <00-88>  A0 35 33 34 31 35 37 38   408
23:06:37  <00-88>  A0 39 37 34 39 32 35 36   409
23:06:37  <00-88>  A0 31 37 39 36 38 38 34   410
23:06:37  <00-88>  A0 38 34 32 33 31 38 31   411
23:06:37  <00-88>  A0 33 34 36 38 38 31 30   412
23:06:37  <00-88>  A0 33 34 34 36 35 36 35   413
23:06:37  <00-88>  A0 39 32 33 33 36 31 32   414
23:06:37  <00-88>  A0 37 30 39 35 34 30 32   415
23:06:37  <00-88>  A0 30 36 36 35 36 31 31   416
23:06:37  <00-88>  A0 31 31 33 32 39 36 35   417
23:06:37  <00-88>  A0 33 35 38 39 32 31 37   418
23:06:37  <00-88>  A0 30 35 37 35 36 30 33   419
23:06:37  <00-88>  A0 31 39 30 33 33 36 32   420
23:06:37  <00-88>  A0 34 34 38 38            421
23:06:38  <00-88>  A0 31 36 30 34 31 38 34   422
23:06:38  <00-88>  A0 31 31 33 36 33 35 32   423
23:06:38  <00-88>  A0 30 36 37 34 39 36 35   424
23:06:38  <00-88>  A0 39 35 34 38 30 38 34   425
23:06:38  <00-88>  A0 34 34 36 35 34 33 33   426
23:06:38  <00-88>  A0 31 34 30 34 38 35 39   427
23:06:38  <00-88>  A0 31 34 36 39 35 36 30   428
23:06:38  <00-88>  A0 35 33 34 31 35 37 38   429
23:06:38  <00-88>  A0 39 37 34 39 32 35 36   430
23:06:38  <00-88>  A0 31 37 39 36 38 38 34   431
23:06:38  <00-88>  A0 38 34 32 33 31 38 31   432
23:06:38  <00-88>  A0 33 34 36 38 38 31 30   433
23:06:38  <00-88>  A0 33 34 34 36 35 36 35   434
23:06:38  <00-88>  A0 39 32 33 33 36 31 32   435
23:06:38  <00-88>  A0 30 39 35 34 30 32 30   436
23:06:38  <00-88>  A0 36 36 35 36 31 31 31   437
23:06:38  <00-88>  A0 31 33 32 39 36 35 33   438
23:06:38  <00-88>  A0 35 38 39 32 31 37 30   439
23:06:38  <00-88>  A0 35 37 35 36 30 33 31   440
23:06:38  <00-88>  A0 39 30 33 33 36 32 34   441
23:06:38  <00-88>  A0 34 38 38               442
23:06:39  <00-88>  A0 31 36 30 34 31 38 34   443
23:06:39  <00-88>  A0 31 31 33 36 33 35 32   444
23:06:39  <00-88>  A0 30 36 37 34 39 36 35   445
23:06:39  <00-88>  A0 39 35 34 38 30 38 34   446
23:06:39  <00-88>  A0 34 34 36 35 34 33 33   447
23:06:39  <00-88>  A0 31 34 30 34 38 35 39   448
23:06:39  <00-88>  A0 31 34 36 39 35 36 30   449
23:06:39  <00-88>  A0 35 33 34 31 35 37 38   450
23:06:39  <00-88>  A0 39 37 34 39 32 35 36   451
23:06:39  <00-88>  A0 31 37 39 36 38 38 34   452
23:06:39  <00-88>  A0 38 34 32 33 31 38 31   453
23:06:39  <00-88>  A0 33 34 36 38 38 31 30   454
23:06:39  <00-88>  A0 33 34 34 36 35 36 35   455
23:06:39  <00-88>  A0 39 32 33 33 36 31 32   456
23:06:39  <00-88>  A0 37 30 39 35 34 30 32   457
23:06:39  <00-88>  A0 30 36 36 35 31 31 31   458
23:06:39  <00-88>  A0 31 33 32 39 36 35 33   459
23:06:39  <00-88>  A0 35 38 39 32 31 37 30   460
23:06:39  <00-88>  A0 35 37 35 36 30 33 31   461
23:06:39  <00-88>  A0 39 30 33 33 36 32 34   462
23:06:39  <00-88>  A0 34 38 38               463
23:06:39  <00-88>  A0 31 36 30 34 31 38 34   464
23:06:39  <00-88>  A0 31 31 33 36 33 35 32   465
23:06:39  <00-88>  A0 30 36 37 34 39 36 35   466
23:06:39  <00-88>  A0 39 35 34 38 30 38 34   467
23:06:39  <00-88>  A0 34 34 36 35 34 33 33   468
23:06:39  <00-88>  A0 31 34 30 34 38 35 39   469
23:06:39  <00-88>  A0 31 34 36 39 35 36 30   470
23:06:39  <00-88>  A0 35 33 34 31 35 37 38   471
23:06:39  <00-88>  A0 39 37 34 39 32 35 36   472
23:06:39  <00-88>  A0 31 37 39 36 38 38 34   473
23:06:39  <00-88>  A0 38 34 32 33 31 38 31   474
23:06:39  <00-88>  A0 33 34 36 38 38 31 30   475
23:06:39  <00-88>  A0 33 34 34 36 35 36 35   476
23:06:39  <00-88>  A0 39 32 33 33 36 31 32   477
23:06:39  <00-88>  A0 37 30 39 35 34 30 32   478
23:06:39  <00-88>  A0 30 36 36 35 36 31 31   479
23:06:39  <00-88>  A0 31 31 33 32 39 36 35   480
23:06:39  <00-88>  A0 33 35 38 39 32 31 37   481
23:06:39  <00-88>  A0 30 35 37 35 36 30 33   482
23:06:39  <00-88>  A0 31 39 30 33 33 36 32   483
23:06:39  <00-88>  A0 34 34 38 38            484
23:06:40  <00-88>  A0 31 36 30 34 31 38 34   485
23:06:40  <00-88>  A0 31 31 33 36 33 35 32   486
23:06:40  <00-88>  A0 30 36 37 34 39 36 35   487
23:06:40  <00-88>  A0 39 35 34 38 30 38 34   488
23:06:40  <00-88>  A0 34 34 36 35 34 33 33   489
23:06:40  <00-88>  A0 31 34 30 34 38 35 39   490
23:06:40  <00-88>  A0 31 34 36 39 35 36 30   491
23:06:40  <00-88>  A0 35 33 34 31 35 37 38   492
23:06:40  <00-88>  A0 39 37 34 39 32 35 36   493
23:06:40  <00-88>  A0 31 37 39 36 38 38 34   494
23:06:40  <00-88>  A0 38 34 32 33 31 38 31   495
23:06:40  <00-88>  A0 33 34 36 38 38 31 30   496
23:06:40  <00-88>  A0 33 34 34 36 35 36 35   497
23:06:40  <00-88>  A0 39 32 33 33 36 31 32   498
23:06:40  <00-88>  A0 37 30 39 35 34 30 32   499
23:06:40  <00-88>  A0 30 36 36 35 36 31 31   500
23:06:40  <00-88>  A0 31 31 33 32 39 36 35   501
23:06:40  <00-88>  A0 33 35 38 39 32 31 37   502
23:06:40  <00-88>  A0 30 35 37 35 36 30 33   503
23:06:40  <00-88>  A0 31 39 30 33 33 36 32   504
23:06:40  <00-88>  A0 34 34 38 38            505
23:06:40  <00-88>  A0 31 36 30 34 31 38 34   506
23:06:40  <00-88>  A0 31 31 33 36 33 35 32   507
23:06:40  <00-88>  A0 30 36 37 34 39 36 35   508
23:06:40  <00-88>  A0 39 35 34 38 30 38 34   509
23:06:40  <00-88>  A0 34 34 36 35 34 33 33   510
23:06:40  <00-88>  A0 31 34 30 34 38 35 39   511
23:06:40  <00-88>  A0 31 34 36 39 35 36 30   512
23:06:40  <00-88>  A0 35 33 34 31 35 37 38   513
23:06:40  <00-88>  A0 39 37 34 39 32 35 36   514
23:06:40  <00-88>  A0 31 37 39 36 38 38 34   515
23:06:40  <00-88>  A0 38 34 32 33 31 38 31   516
23:06:40  <00-88>  A0 33 34 36 38 38 31 30   517
23:06:40  <00-88>  A0 33 34 34 36 35 36 35   518
23:06:40  <00-88>  A0 39 32 33 33 36 31 32   519
23:06:40  <00-88>  A0 37 30 39 35 34 30 32   520
23:06:40  <00-88>  A0 30 36 36 35 36 31 31   521
23:06:40  <00-88>  A0 31 31 33 32 39 36 35   522
23:06:40  <00-88>  A0 33 35 38 39 32 31 37   523
23:06:40  <00-88>  A0 30 35 37 35 36 30 33   524
23:06:40  <00-88>  A0 31 39 30 33 33 36 32   525
23:06:40  <00-88>  A0 34 34 38 38            526
23:06:41  <00-88>  A0 31 36 30 34 31 38 34   527
23:06:41  <00-88>  A0 31 31 33 36 33 35 32   528
23:06:41  <00-88>  A0 30 36 37 34 39 36 35   529
23:06:41  <00-88>  A0 39 35 34 38 30 38 34   530
23:06:41  <00-88>  A0 34 34 36 35 34 33 33   531
23:06:41  <00-88>  A0 31 34 30 34 38 35 39   532
23:06:41  <00-88>  A0 31 34 36 39 35 36 30   533
23:06:41  <00-88>  A0 35 33 34 31 35 37 38   534
23:06:41  <00-88>  A0 39 37 34 39 32 35 36   535
23:06:41  <00-88>  A0 31 37 39 36 38 38 34   536
23:06:41  <00-88>  A0 38 34 32 33 31 38 31   537
23:06:41  <00-88>  A0 33 34 36 38 38 31 30   538
23:06:41  <00-88>  A0 33 34 34 36 35 36 35   539
23:06:41  <00-88>  A0 39 32 33 33 36 31 32   540
23:06:41  <00-88>  A0 37 30 39 35 34 30 32   541
23:06:41  <00-88>  A0 30 36 36 35 36 31 31   542
23:06:41  <00-88>  A0 31 31 33 32 39 36 35   543
23:06:41  <00-88>  A0 33 35 38 39 32 31 37   544
23:06:41  <00-88>  A0 30 35 37 35 36 30 33   545
23:06:41  <00-88>  A0 31 39 30 33 33 36 32   546
23:06:41  <00-88>  A0 34 34 38 38            547
23:09:27  <00-88>  A0 31 36 30 34 31 38 34   548
23:09:27  <00-88>  A0 31 31 33 36 33 35 32   549
23:09:27  <00-88>  A0 30 36 37 34 39 36 35   550
23:09:27  <00-88>  A0 39 35 34 38 30 38 34   551
23:09:27  <00-88>  A0 34 34 36 35 34 33 33   552
23:09:27  <00-88>  A0 31 34 30 34 38 35 39   553
23:09:27  <00-88>  A0 31 34 36 39 35 36 30   554
23:09:27  <00-88>  A0 35 33 34 31 35 37 38   555
23:09:27  <00-88>  A0 39 37 34 39 32 35 36   556
23:09:27  <00-88>  A0 31 37 39 36 38 38 34   557
23:09:27  <00-88>  A0 38 34 32 33 31 38 31   558
23:09:27  <00-88>  A0 33 34 36 38 38 31 30   559
23:09:27  <00-88>  A0 33 34 34 36 35 36 35   560
23:09:27  <00-88>  A0 39 32 33 33 36 31 32   561
23:09:27  <00-88>  A0 37 30 39 35 34 30 32   562
23:09:27  <00-88>  A0 30 36 36 35 36 31 31   563
23:09:27  <00-88>  A0 31 31 33 32 39 36 35   564
23:09:27  <00-88>  A0 33 35 38 39 32 31 37   565
23:09:27  <00-88>  A0 30 35 37 35 36 30 33   566
23:09:27  <00-88>  A0 31 39 30 33 33 36 32   567
23:09:27  <00-88>  A0 34 34 38 38            568
23:09:29  <00-88>  A0 31 36 30 34 31 38 34   569
23:09:29  <00-88>  A0 31 31 33 33 35 32 30   570
23:09:29  <00-88>  A0 36 37 34 39 36 35 39   571
23:09:29  <00-88>  A0 35 34 38 30 38 34 34   572
23:09:29  <00-88>  A0 34 36 35 34 33 33 31   573
23:09:29  <00-88>  A0 34 30 34 38 35 39 31   574
23:09:29  <00-88>  A0 34 36 39 35 36 30 35   575
23:09:29  <00-88>  A0 33 34 31 35 37 38 39   576
23:09:29  <00-88>  A0 37 34 39 32 35 36 31   577
23:09:29  <00-88>  A0 37 39 36 38 38 34 38   578
23:09:29  <00-88>  A0 34 32 33 31 38 31 33   579
23:09:29  <00-88>  A0 34 36 38 38 31 30 33   580
23:09:29  <00-88>  A0 34 34 36 35 36 35 39   581
23:09:29  <00-88>  A0 32 33 33 36 31 32 37   582
23:09:29  <00-88>  A0 30 39 35 34 30 32 30   583
23:09:29  <00-88>  A0 36 36 35 36 31 31 31   584
23:09:29  <00-88>  A0 31 33 32 39 36 35 33   585
23:09:29  <00-88>  A0 35 38 39 32 31 37 30   586
23:09:29  <00-88>  A0 35 37 35 36 30 33 31   587
23:09:29  <00-88>  A0 39 30 33 33 36 32 34   588
23:09:29  <00-88>  A0 34 38 38               589
23:09:30  <00-88>  A0 31 36 30 34 31 38 34   590
23:09:30  <00-88>  A0 31 31 33 36 33 35 32   591
23:09:30  <00-88>  A0 30 36 37 34 39 36 35   592
23:09:30  <00-88>  A0 39 35 34 38 30 38 34   593
23:09:30  <00-88>  A0 34 34 36 35 34 33 33   594
23:09:30  <00-88>  A0 31 34 30 34 38 35 39   595
23:09:30  <00-88>  A0 31 34 36 39 35 36 30   596
23:09:30  <00-88>  A0 35 33 34 31 35 37 38   597
23:09:30  <00-88>  A0 39 37 34 39 32 35 36   598
23:09:30  <00-88>  A0 31 37 39 36 38 38 34   599
23:09:30  <00-88>  A0 38 34 32 33 31 38 31   600
23:09:30  <00-88>  A0 33 34 36 38 38 31 30   601
23:09:30  <00-88>  A0 33 34 34 36 35 36 35   602
23:09:30  <00-88>  A0 39 32 33 33 36 31 32   603
23:09:30  <00-88>  A0 37 30 39 35 34 30 32   604
23:09:30  <00-88>  A0 30 36 36 35 36 31 31   605
23:09:30  <00-88>  A0 31 31 33 32 39 36 35   606
23:09:30  <00-88>  A0 33 35 38 39 32 31 37   607
23:09:30  <00-88>  A0 30 35 37 35 36 30 33   608
23:09:30  <00-88>  A0 31 39 30 33 33 36 32   609
23:09:30  <00-88>  A0 34 34 38 38            610
23:09:33  <00-88>  A0 31 36 30 34 31 38 34   611
23:09:33  <00-88>  A0 31 31 33 36 33 35 32   612
23:09:33  <00-88>  A0 30 36 37 34 39 36 35   613
23:09:33  <00-88>  A0 39 35 34 38 30 38 34   614
23:09:33  <00-88>  A0 34 34 36 35 34 33 33   615
23:09:33  <00-88>  A0 31 34 30 34 38 35 39   616
23:09:33  <00-88>  A0 31 34 36 39 35 36 30   617
23:09:33  <00-88>  A0 35 33 34 31 35 37 38   618
23:09:33  <00-88>  A0 39 37 34 39 32 35 36   619
23:09:33  <00-88>  A0 31 37 39 36 38 38 34   620
23:09:33  <00-88>  A0 38 34 32 33 31 38 31   621
23:09:33  <00-88>  A0 33 34 36 38 38 31 30   622
23:09:33  <00-88>  A0 33 34 34 36 35 36 35   623
23:09:33  <00-88>  A0 39 32 33 33 36 31 32   624
23:09:33  <00-88>  A0 37 30 39 35 34 30 32   625
23:09:33  <00-88>  A0 30 36 36 35 36 31 31   626
23:09:33  <00-88>  A0 31 31 33 32 39 36 35   627
23:09:33  <00-88>  A0 33 35 38 39 32 31 37   628
23:09:33  <00-88>  A0 30 35 37 35 36 30 33   629
23:09:33  <00-88>  A0 31 39 30 33 33 36 32   630
23:09:33  <00-88>  A0 34 34 38 38            631
23:09:34  <00-88>  A0 31 36 30 34 31 38 34   632
23:09:34  <00-88>  A0 31 31 33 36 33 35 32   633
23:09:34  <00-88>  A0 30 36 37 34 39 36 35   634
23:09:34  <00-88>  A0 39 35 34 38 30 38 34   635
23:09:34  <00-88>  A0 34 34 36 35 34 33 33   636
23:09:34  <00-88>  A0 31 34 30 34 38 35 39   637
23:09:34  <00-88>  A0 31 34 36 39 35 36 30   638
23:09:34  <00-88>  A0 35 33 34 31 35 37 38   639
23:09:34  <00-88>  A0 39 37 34 39 32 35 36   640
23:09:34  <00-88>  A0 31 37 39 36 38 38 34   641
23:09:34  <00-88>  A0 38 34 32 33 31 38 31   642
23:09:34  <00-88>  A0 33 34 36 38 38 31 30   643
23:09:34  <00-88>  A0 33 34 34 36 35 36 35   644
23:09:34  <00-88>  A0 39 32 33 33 36 31 32   645
23:09:34  <00-88>  A0 37 30 39 35 34 30 32   646
23:09:34  <00-88>  A0 30 36 36 35 36 31 31   647
23:09:34  <00-88>  A0 31 31 33 32 39 36 35   648
23:09:34  <00-88>  A0 33 35 38 39 32 31 37   649
23:09:34  <00-88>  A0 30 35 37 35 36 30 33   650
23:09:34  <00-88>  A0 31 39 30 33 33 36 32   651
23:09:34  <00-88>  A0 34 34 38 38            652
08:43:16  <00-88>  0C 80 00 48               9287
08:43:21  <00-88>  0C 80 00 4A               9288
08:43:26  <00-88>  0C 80 00 4A               9289
08:43:31  <00-88>  0C 80 00 4C               9290
08:43:36  <00-88>  0C 80 00 4C               9291
08:43:41  <00-88>  0C 80 00 4A               9292
08:43:46  <00-88>  0C 80 00 4A               9293
08:43:51  <00-88>  0C 80 00 48               9294
08:43:56  <00-88>  0C 80 00 48               9295
08:44:01  <00-88>  0C 80 00 46               9296
08:44:06  <00-88>  0C 80 00 46               9297
08:44:11  <00-88>  0C 80 00 44               9298
08:44:16  <00-88>  0C 80 00 44               9299
08:44:21  <00-88>  0C 80 00 42               9300
08:44:26  <00-88>  0C 80 00 42               9301
08:44:31  <00-88>  0C 80 00 40               9302
08:44:36  <00-88>  0C 80 00 40               9303
08:44:41  <00-88>  0C 80 00 3E               9304
08:44:46  <00-88>  0C 80 00 3E               9305
08:44:51  <00-88>  0C 80 00 3C               9306
